0.248033  
0.728589  
0.735767  
0.526892  
0.850806  
0.942188  
0.950873  
0.472796  
0.733178  
0.108823  
0.491571  
0.567389  
0.348555  
0.712244  
0.214422  
0.428720  
0.811560  
0.605827  
0.497858  
0.765928  
0.158214  
0.537606  
0.461462  
0.627250  
0.476062  
0.646295  
0.182116  
0.275352  
0.868475  
0.512008  
0.341262  
0.116508  
0.240597  
0.077029  
0.643400  
0.091403  
0.019217  
0.594273  
0.564199  
0.752395  
0.703096  
0.055770  
0.319784  
0.051651  
0.768013  
0.534206  
0.480371  
0.579573  
0.140033  
0.978229  
0.345501  
0.298248  
0.515835  
0.806963  
0.925497  
0.991897  
0.453259  
0.107613  
0.267249  
0.321734  
0.619621  
0.608510  
0.438242  
0.860217  
0.685539  
0.081642  
0.951620  
0.704757  
0.675915  
0.515819  
0.457151  
0.379011  
0.571589  
0.776935  
0.430662  
0.339602  
0.311141  
0.911033  
0.919176  
0.451175  
0.889262  
0.264676  
0.749422  
0.405098  
0.071640  
0.674919  
0.396995  
0.524898  
0.782533  
0.664243  
0.846632  
0.402153  
0.272754  
0.284874  
0.262371  
0.958293  
0.366516  
0.213991  
0.663049  
0.042431  
0.729810  
0.120201  
0.421442  
0.301399  
0.897136  
0.852104  
0.641001  
0.208278  
0.763137  
0.560176  
0.659452  
0.652399  
0.824853  
0.408875  
0.057497  
0.896493  
0.083794  
0.454491  
0.421391  
0.866327  


+++++++++++++++++++++++++++++++++++++++++++++++++++++++++
