0.064077  0.059728  0.022260  0.021979  0.063024  
0.092351  0.073794  0.046285  0.043856  0.085059  
0.095266  0.094891  0.089909  0.076701  0.033357  
0.053674  0.021914  0.047755  0.094982  0.046617  
0.088432  0.096728  0.018377  0.045804  0.078022  


0.064077  0.059728  0.022260  0.021979  0.063024  
0.092351  0.073794  0.046285  0.043856  0.085059  
0.095266  0.094891  0.089909  0.076701  0.033357  
0.053674  0.021914  0.047755  0.094982  0.046617  
0.088432  0.096728  0.018377  0.045804  0.078022  


0.064077  0.059728  0.022260  0.021979  0.063024  
0.092351  0.073794  0.046285  0.043856  0.085059  
0.095266  0.094891  0.089909  0.076701  0.033357  
0.053674  0.021914  0.047755  0.094982  0.046617  
0.088432  0.096728  0.018377  0.045804  0.078022  


0.064077  0.059728  0.022260  0.021979  0.063024  
0.092351  0.073794  0.046285  0.043856  0.085059  
0.095266  0.094891  0.089909  0.076701  0.033357  
0.053674  0.021914  0.047755  0.094982  0.046617  
0.088432  0.096728  0.018377  0.045804  0.078022  


0.064077  0.059728  0.022260  0.021979  0.063024  
0.092351  0.073794  0.046285  0.043856  0.085059  
0.095266  0.094891  0.089909  0.076701  0.033357  
0.053674  0.021914  0.047755  0.094982  0.046617  
0.088432  0.096728  0.018377  0.045804  0.078022  


0.064077  0.059728  0.022260  0.021979  0.063024  
0.092351  0.073794  0.046285  0.043856  0.085059  
0.095266  0.094891  0.089909  0.076701  0.033357  
0.053674  0.021914  0.047755  0.094982  0.046617  
0.088432  0.096728  0.018377  0.045804  0.078022  


0.064077  0.059728  0.022260  0.021979  0.063024  
0.092351  0.073794  0.046285  0.043856  0.085059  
0.095266  0.094891  0.089909  0.076701  0.033357  
0.053674  0.021914  0.047755  0.094982  0.046617  
0.088432  0.096728  0.018377  0.045804  0.078022  


0.064077  0.059728  0.022260  0.021979  0.063024  
0.092351  0.073794  0.046285  0.043856  0.085059  
0.095266  0.094891  0.089909  0.076701  0.033357  
0.053674  0.021914  0.047755  0.094982  0.046617  
0.088432  0.096728  0.018377  0.045804  0.078022  


0.064077  0.059728  0.022260  0.021979  0.063024  
0.092351  0.073794  0.046285  0.043856  0.085059  
0.095266  0.094891  0.089909  0.076701  0.033357  
0.053674  0.021914  0.047755  0.094982  0.046617  
0.088432  0.096728  0.018377  0.045804  0.078022  


0.064077  0.059728  0.022260  0.021979  0.063024  
0.092351  0.073794  0.046285  0.043856  0.085059  
0.095266  0.094891  0.089909  0.076701  0.033357  
0.053674  0.021914  0.047755  0.094982  0.046617  
0.088432  0.096728  0.018377  0.045804  0.078022  


0.064077  0.059728  0.022260  0.021979  0.063024  
0.092351  0.073794  0.046285  0.043856  0.085059  
0.095266  0.094891  0.089909  0.076701  0.033357  
0.053674  0.021914  0.047755  0.094982  0.046617  
0.088432  0.096728  0.018377  0.045804  0.078022  


0.064077  0.059728  0.022260  0.021979  0.063024  
0.092351  0.073794  0.046285  0.043856  0.085059  
0.095266  0.094891  0.089909  0.076701  0.033357  
0.053674  0.021914  0.047755  0.094982  0.046617  
0.088432  0.096728  0.018377  0.045804  0.078022  


0.064077  0.059728  0.022260  0.021979  0.063024  
0.092351  0.073794  0.046285  0.043856  0.085059  
0.095266  0.094891  0.089909  0.076701  0.033357  
0.053674  0.021914  0.047755  0.094982  0.046617  
0.088432  0.096728  0.018377  0.045804  0.078022  


0.064077  0.059728  0.022260  0.021979  0.063024  
0.092351  0.073794  0.046285  0.043856  0.085059  
0.095266  0.094891  0.089909  0.076701  0.033357  
0.053674  0.021914  0.047755  0.094982  0.046617  
0.088432  0.096728  0.018377  0.045804  0.078022  


0.064077  0.059728  0.022260  0.021979  0.063024  
0.092351  0.073794  0.046285  0.043856  0.085059  
0.095266  0.094891  0.089909  0.076701  0.033357  
0.053674  0.021914  0.047755  0.094982  0.046617  
0.088432  0.096728  0.018377  0.045804  0.078022  


0.064077  0.059728  0.022260  0.021979  0.063024  
0.092351  0.073794  0.046285  0.043856  0.085059  
0.095266  0.094891  0.089909  0.076701  0.033357  
0.053674  0.021914  0.047755  0.094982  0.046617  
0.088432  0.096728  0.018377  0.045804  0.078022  


0.076645  0.090478  0.025759  0.076161  0.096350  
0.033185  0.040238  0.056078  0.055445  0.062217  
0.019103  0.047796  0.036011  0.065388  0.091652  
0.021069  0.060654  0.086543  0.010978  0.037356  
0.019900  0.064652  0.059269  0.067655  0.059634  


0.076645  0.090478  0.025759  0.076161  0.096350  
0.033185  0.040238  0.056078  0.055445  0.062217  
0.019103  0.047796  0.036011  0.065388  0.091652  
0.021069  0.060654  0.086543  0.010978  0.037356  
0.019900  0.064652  0.059269  0.067655  0.059634  


0.076645  0.090478  0.025759  0.076161  0.096350  
0.033185  0.040238  0.056078  0.055445  0.062217  
0.019103  0.047796  0.036011  0.065388  0.091652  
0.021069  0.060654  0.086543  0.010978  0.037356  
0.019900  0.064652  0.059269  0.067655  0.059634  


0.076645  0.090478  0.025759  0.076161  0.096350  
0.033185  0.040238  0.056078  0.055445  0.062217  
0.019103  0.047796  0.036011  0.065388  0.091652  
0.021069  0.060654  0.086543  0.010978  0.037356  
0.019900  0.064652  0.059269  0.067655  0.059634  


0.076645  0.090478  0.025759  0.076161  0.096350  
0.033185  0.040238  0.056078  0.055445  0.062217  
0.019103  0.047796  0.036011  0.065388  0.091652  
0.021069  0.060654  0.086543  0.010978  0.037356  
0.019900  0.064652  0.059269  0.067655  0.059634  


0.076645  0.090478  0.025759  0.076161  0.096350  
0.033185  0.040238  0.056078  0.055445  0.062217  
0.019103  0.047796  0.036011  0.065388  0.091652  
0.021069  0.060654  0.086543  0.010978  0.037356  
0.019900  0.064652  0.059269  0.067655  0.059634  


0.076645  0.090478  0.025759  0.076161  0.096350  
0.033185  0.040238  0.056078  0.055445  0.062217  
0.019103  0.047796  0.036011  0.065388  0.091652  
0.021069  0.060654  0.086543  0.010978  0.037356  
0.019900  0.064652  0.059269  0.067655  0.059634  


0.076645  0.090478  0.025759  0.076161  0.096350  
0.033185  0.040238  0.056078  0.055445  0.062217  
0.019103  0.047796  0.036011  0.065388  0.091652  
0.021069  0.060654  0.086543  0.010978  0.037356  
0.019900  0.064652  0.059269  0.067655  0.059634  


0.076645  0.090478  0.025759  0.076161  0.096350  
0.033185  0.040238  0.056078  0.055445  0.062217  
0.019103  0.047796  0.036011  0.065388  0.091652  
0.021069  0.060654  0.086543  0.010978  0.037356  
0.019900  0.064652  0.059269  0.067655  0.059634  


0.076645  0.090478  0.025759  0.076161  0.096350  
0.033185  0.040238  0.056078  0.055445  0.062217  
0.019103  0.047796  0.036011  0.065388  0.091652  
0.021069  0.060654  0.086543  0.010978  0.037356  
0.019900  0.064652  0.059269  0.067655  0.059634  


0.076645  0.090478  0.025759  0.076161  0.096350  
0.033185  0.040238  0.056078  0.055445  0.062217  
0.019103  0.047796  0.036011  0.065388  0.091652  
0.021069  0.060654  0.086543  0.010978  0.037356  
0.019900  0.064652  0.059269  0.067655  0.059634  


0.076645  0.090478  0.025759  0.076161  0.096350  
0.033185  0.040238  0.056078  0.055445  0.062217  
0.019103  0.047796  0.036011  0.065388  0.091652  
0.021069  0.060654  0.086543  0.010978  0.037356  
0.019900  0.064652  0.059269  0.067655  0.059634  


0.076645  0.090478  0.025759  0.076161  0.096350  
0.033185  0.040238  0.056078  0.055445  0.062217  
0.019103  0.047796  0.036011  0.065388  0.091652  
0.021069  0.060654  0.086543  0.010978  0.037356  
0.019900  0.064652  0.059269  0.067655  0.059634  


0.076645  0.090478  0.025759  0.076161  0.096350  
0.033185  0.040238  0.056078  0.055445  0.062217  
0.019103  0.047796  0.036011  0.065388  0.091652  
0.021069  0.060654  0.086543  0.010978  0.037356  
0.019900  0.064652  0.059269  0.067655  0.059634  


0.076645  0.090478  0.025759  0.076161  0.096350  
0.033185  0.040238  0.056078  0.055445  0.062217  
0.019103  0.047796  0.036011  0.065388  0.091652  
0.021069  0.060654  0.086543  0.010978  0.037356  
0.019900  0.064652  0.059269  0.067655  0.059634  


0.076645  0.090478  0.025759  0.076161  0.096350  
0.033185  0.040238  0.056078  0.055445  0.062217  
0.019103  0.047796  0.036011  0.065388  0.091652  
0.021069  0.060654  0.086543  0.010978  0.037356  
0.019900  0.064652  0.059269  0.067655  0.059634  


0.005886  0.056087  0.056362  0.024263  0.001891  
0.034384  0.000907  0.092369  0.060143  0.077069  
0.088720  0.093327  0.017306  0.044798  0.048772  
0.079523  0.063901  0.096568  0.015534  0.029289  
0.088220  0.036603  0.089943  0.074764  0.047581  


0.005886  0.056087  0.056362  0.024263  0.001891  
0.034384  0.000907  0.092369  0.060143  0.077069  
0.088720  0.093327  0.017306  0.044798  0.048772  
0.079523  0.063901  0.096568  0.015534  0.029289  
0.088220  0.036603  0.089943  0.074764  0.047581  


0.005886  0.056087  0.056362  0.024263  0.001891  
0.034384  0.000907  0.092369  0.060143  0.077069  
0.088720  0.093327  0.017306  0.044798  0.048772  
0.079523  0.063901  0.096568  0.015534  0.029289  
0.088220  0.036603  0.089943  0.074764  0.047581  


0.005886  0.056087  0.056362  0.024263  0.001891  
0.034384  0.000907  0.092369  0.060143  0.077069  
0.088720  0.093327  0.017306  0.044798  0.048772  
0.079523  0.063901  0.096568  0.015534  0.029289  
0.088220  0.036603  0.089943  0.074764  0.047581  


0.005886  0.056087  0.056362  0.024263  0.001891  
0.034384  0.000907  0.092369  0.060143  0.077069  
0.088720  0.093327  0.017306  0.044798  0.048772  
0.079523  0.063901  0.096568  0.015534  0.029289  
0.088220  0.036603  0.089943  0.074764  0.047581  


0.005886  0.056087  0.056362  0.024263  0.001891  
0.034384  0.000907  0.092369  0.060143  0.077069  
0.088720  0.093327  0.017306  0.044798  0.048772  
0.079523  0.063901  0.096568  0.015534  0.029289  
0.088220  0.036603  0.089943  0.074764  0.047581  


0.005886  0.056087  0.056362  0.024263  0.001891  
0.034384  0.000907  0.092369  0.060143  0.077069  
0.088720  0.093327  0.017306  0.044798  0.048772  
0.079523  0.063901  0.096568  0.015534  0.029289  
0.088220  0.036603  0.089943  0.074764  0.047581  


0.005886  0.056087  0.056362  0.024263  0.001891  
0.034384  0.000907  0.092369  0.060143  0.077069  
0.088720  0.093327  0.017306  0.044798  0.048772  
0.079523  0.063901  0.096568  0.015534  0.029289  
0.088220  0.036603  0.089943  0.074764  0.047581  


0.005886  0.056087  0.056362  0.024263  0.001891  
0.034384  0.000907  0.092369  0.060143  0.077069  
0.088720  0.093327  0.017306  0.044798  0.048772  
0.079523  0.063901  0.096568  0.015534  0.029289  
0.088220  0.036603  0.089943  0.074764  0.047581  


0.005886  0.056087  0.056362  0.024263  0.001891  
0.034384  0.000907  0.092369  0.060143  0.077069  
0.088720  0.093327  0.017306  0.044798  0.048772  
0.079523  0.063901  0.096568  0.015534  0.029289  
0.088220  0.036603  0.089943  0.074764  0.047581  


0.005886  0.056087  0.056362  0.024263  0.001891  
0.034384  0.000907  0.092369  0.060143  0.077069  
0.088720  0.093327  0.017306  0.044798  0.048772  
0.079523  0.063901  0.096568  0.015534  0.029289  
0.088220  0.036603  0.089943  0.074764  0.047581  


0.005886  0.056087  0.056362  0.024263  0.001891  
0.034384  0.000907  0.092369  0.060143  0.077069  
0.088720  0.093327  0.017306  0.044798  0.048772  
0.079523  0.063901  0.096568  0.015534  0.029289  
0.088220  0.036603  0.089943  0.074764  0.047581  


0.005886  0.056087  0.056362  0.024263  0.001891  
0.034384  0.000907  0.092369  0.060143  0.077069  
0.088720  0.093327  0.017306  0.044798  0.048772  
0.079523  0.063901  0.096568  0.015534  0.029289  
0.088220  0.036603  0.089943  0.074764  0.047581  


0.005886  0.056087  0.056362  0.024263  0.001891  
0.034384  0.000907  0.092369  0.060143  0.077069  
0.088720  0.093327  0.017306  0.044798  0.048772  
0.079523  0.063901  0.096568  0.015534  0.029289  
0.088220  0.036603  0.089943  0.074764  0.047581  


0.005886  0.056087  0.056362  0.024263  0.001891  
0.034384  0.000907  0.092369  0.060143  0.077069  
0.088720  0.093327  0.017306  0.044798  0.048772  
0.079523  0.063901  0.096568  0.015534  0.029289  
0.088220  0.036603  0.089943  0.074764  0.047581  


0.005886  0.056087  0.056362  0.024263  0.001891  
0.034384  0.000907  0.092369  0.060143  0.077069  
0.088720  0.093327  0.017306  0.044798  0.048772  
0.079523  0.063901  0.096568  0.015534  0.029289  
0.088220  0.036603  0.089943  0.074764  0.047581  


0.027299  0.094664  0.012233  0.086568  0.062319  
0.071867  0.092454  0.018407  0.028228  0.016717  
0.020298  0.062613  0.017624  0.012667  0.022755  
0.094692  0.001387  0.016082  0.011999  0.046185  
0.064855  0.091522  0.010086  0.061423  0.007056  


0.027299  0.094664  0.012233  0.086568  0.062319  
0.071867  0.092454  0.018407  0.028228  0.016717  
0.020298  0.062613  0.017624  0.012667  0.022755  
0.094692  0.001387  0.016082  0.011999  0.046185  
0.064855  0.091522  0.010086  0.061423  0.007056  


0.027299  0.094664  0.012233  0.086568  0.062319  
0.071867  0.092454  0.018407  0.028228  0.016717  
0.020298  0.062613  0.017624  0.012667  0.022755  
0.094692  0.001387  0.016082  0.011999  0.046185  
0.064855  0.091522  0.010086  0.061423  0.007056  


0.027299  0.094664  0.012233  0.086568  0.062319  
0.071867  0.092454  0.018407  0.028228  0.016717  
0.020298  0.062613  0.017624  0.012667  0.022755  
0.094692  0.001387  0.016082  0.011999  0.046185  
0.064855  0.091522  0.010086  0.061423  0.007056  


0.027299  0.094664  0.012233  0.086568  0.062319  
0.071867  0.092454  0.018407  0.028228  0.016717  
0.020298  0.062613  0.017624  0.012667  0.022755  
0.094692  0.001387  0.016082  0.011999  0.046185  
0.064855  0.091522  0.010086  0.061423  0.007056  


0.027299  0.094664  0.012233  0.086568  0.062319  
0.071867  0.092454  0.018407  0.028228  0.016717  
0.020298  0.062613  0.017624  0.012667  0.022755  
0.094692  0.001387  0.016082  0.011999  0.046185  
0.064855  0.091522  0.010086  0.061423  0.007056  


0.027299  0.094664  0.012233  0.086568  0.062319  
0.071867  0.092454  0.018407  0.028228  0.016717  
0.020298  0.062613  0.017624  0.012667  0.022755  
0.094692  0.001387  0.016082  0.011999  0.046185  
0.064855  0.091522  0.010086  0.061423  0.007056  


0.027299  0.094664  0.012233  0.086568  0.062319  
0.071867  0.092454  0.018407  0.028228  0.016717  
0.020298  0.062613  0.017624  0.012667  0.022755  
0.094692  0.001387  0.016082  0.011999  0.046185  
0.064855  0.091522  0.010086  0.061423  0.007056  


0.027299  0.094664  0.012233  0.086568  0.062319  
0.071867  0.092454  0.018407  0.028228  0.016717  
0.020298  0.062613  0.017624  0.012667  0.022755  
0.094692  0.001387  0.016082  0.011999  0.046185  
0.064855  0.091522  0.010086  0.061423  0.007056  


0.027299  0.094664  0.012233  0.086568  0.062319  
0.071867  0.092454  0.018407  0.028228  0.016717  
0.020298  0.062613  0.017624  0.012667  0.022755  
0.094692  0.001387  0.016082  0.011999  0.046185  
0.064855  0.091522  0.010086  0.061423  0.007056  


0.027299  0.094664  0.012233  0.086568  0.062319  
0.071867  0.092454  0.018407  0.028228  0.016717  
0.020298  0.062613  0.017624  0.012667  0.022755  
0.094692  0.001387  0.016082  0.011999  0.046185  
0.064855  0.091522  0.010086  0.061423  0.007056  


0.027299  0.094664  0.012233  0.086568  0.062319  
0.071867  0.092454  0.018407  0.028228  0.016717  
0.020298  0.062613  0.017624  0.012667  0.022755  
0.094692  0.001387  0.016082  0.011999  0.046185  
0.064855  0.091522  0.010086  0.061423  0.007056  


0.027299  0.094664  0.012233  0.086568  0.062319  
0.071867  0.092454  0.018407  0.028228  0.016717  
0.020298  0.062613  0.017624  0.012667  0.022755  
0.094692  0.001387  0.016082  0.011999  0.046185  
0.064855  0.091522  0.010086  0.061423  0.007056  


0.027299  0.094664  0.012233  0.086568  0.062319  
0.071867  0.092454  0.018407  0.028228  0.016717  
0.020298  0.062613  0.017624  0.012667  0.022755  
0.094692  0.001387  0.016082  0.011999  0.046185  
0.064855  0.091522  0.010086  0.061423  0.007056  


0.027299  0.094664  0.012233  0.086568  0.062319  
0.071867  0.092454  0.018407  0.028228  0.016717  
0.020298  0.062613  0.017624  0.012667  0.022755  
0.094692  0.001387  0.016082  0.011999  0.046185  
0.064855  0.091522  0.010086  0.061423  0.007056  


0.027299  0.094664  0.012233  0.086568  0.062319  
0.071867  0.092454  0.018407  0.028228  0.016717  
0.020298  0.062613  0.017624  0.012667  0.022755  
0.094692  0.001387  0.016082  0.011999  0.046185  
0.064855  0.091522  0.010086  0.061423  0.007056  


0.039375  0.049643  0.043658  0.029318  0.024407  
0.091239  0.056616  0.019071  0.003472  0.043184  
0.081390  0.075338  0.035638  0.099797  0.003567  
0.052355  0.020095  0.066179  0.069979  0.032762  
0.088934  0.064671  0.034148  0.005017  0.076670  


0.039375  0.049643  0.043658  0.029318  0.024407  
0.091239  0.056616  0.019071  0.003472  0.043184  
0.081390  0.075338  0.035638  0.099797  0.003567  
0.052355  0.020095  0.066179  0.069979  0.032762  
0.088934  0.064671  0.034148  0.005017  0.076670  


0.039375  0.049643  0.043658  0.029318  0.024407  
0.091239  0.056616  0.019071  0.003472  0.043184  
0.081390  0.075338  0.035638  0.099797  0.003567  
0.052355  0.020095  0.066179  0.069979  0.032762  
0.088934  0.064671  0.034148  0.005017  0.076670  


0.039375  0.049643  0.043658  0.029318  0.024407  
0.091239  0.056616  0.019071  0.003472  0.043184  
0.081390  0.075338  0.035638  0.099797  0.003567  
0.052355  0.020095  0.066179  0.069979  0.032762  
0.088934  0.064671  0.034148  0.005017  0.076670  


0.039375  0.049643  0.043658  0.029318  0.024407  
0.091239  0.056616  0.019071  0.003472  0.043184  
0.081390  0.075338  0.035638  0.099797  0.003567  
0.052355  0.020095  0.066179  0.069979  0.032762  
0.088934  0.064671  0.034148  0.005017  0.076670  


0.039375  0.049643  0.043658  0.029318  0.024407  
0.091239  0.056616  0.019071  0.003472  0.043184  
0.081390  0.075338  0.035638  0.099797  0.003567  
0.052355  0.020095  0.066179  0.069979  0.032762  
0.088934  0.064671  0.034148  0.005017  0.076670  


0.039375  0.049643  0.043658  0.029318  0.024407  
0.091239  0.056616  0.019071  0.003472  0.043184  
0.081390  0.075338  0.035638  0.099797  0.003567  
0.052355  0.020095  0.066179  0.069979  0.032762  
0.088934  0.064671  0.034148  0.005017  0.076670  


0.039375  0.049643  0.043658  0.029318  0.024407  
0.091239  0.056616  0.019071  0.003472  0.043184  
0.081390  0.075338  0.035638  0.099797  0.003567  
0.052355  0.020095  0.066179  0.069979  0.032762  
0.088934  0.064671  0.034148  0.005017  0.076670  


0.039375  0.049643  0.043658  0.029318  0.024407  
0.091239  0.056616  0.019071  0.003472  0.043184  
0.081390  0.075338  0.035638  0.099797  0.003567  
0.052355  0.020095  0.066179  0.069979  0.032762  
0.088934  0.064671  0.034148  0.005017  0.076670  


0.039375  0.049643  0.043658  0.029318  0.024407  
0.091239  0.056616  0.019071  0.003472  0.043184  
0.081390  0.075338  0.035638  0.099797  0.003567  
0.052355  0.020095  0.066179  0.069979  0.032762  
0.088934  0.064671  0.034148  0.005017  0.076670  


0.039375  0.049643  0.043658  0.029318  0.024407  
0.091239  0.056616  0.019071  0.003472  0.043184  
0.081390  0.075338  0.035638  0.099797  0.003567  
0.052355  0.020095  0.066179  0.069979  0.032762  
0.088934  0.064671  0.034148  0.005017  0.076670  


0.039375  0.049643  0.043658  0.029318  0.024407  
0.091239  0.056616  0.019071  0.003472  0.043184  
0.081390  0.075338  0.035638  0.099797  0.003567  
0.052355  0.020095  0.066179  0.069979  0.032762  
0.088934  0.064671  0.034148  0.005017  0.076670  


0.039375  0.049643  0.043658  0.029318  0.024407  
0.091239  0.056616  0.019071  0.003472  0.043184  
0.081390  0.075338  0.035638  0.099797  0.003567  
0.052355  0.020095  0.066179  0.069979  0.032762  
0.088934  0.064671  0.034148  0.005017  0.076670  


0.039375  0.049643  0.043658  0.029318  0.024407  
0.091239  0.056616  0.019071  0.003472  0.043184  
0.081390  0.075338  0.035638  0.099797  0.003567  
0.052355  0.020095  0.066179  0.069979  0.032762  
0.088934  0.064671  0.034148  0.005017  0.076670  


0.039375  0.049643  0.043658  0.029318  0.024407  
0.091239  0.056616  0.019071  0.003472  0.043184  
0.081390  0.075338  0.035638  0.099797  0.003567  
0.052355  0.020095  0.066179  0.069979  0.032762  
0.088934  0.064671  0.034148  0.005017  0.076670  


0.039375  0.049643  0.043658  0.029318  0.024407  
0.091239  0.056616  0.019071  0.003472  0.043184  
0.081390  0.075338  0.035638  0.099797  0.003567  
0.052355  0.020095  0.066179  0.069979  0.032762  
0.088934  0.064671  0.034148  0.005017  0.076670  


0.080333  0.069871  0.068192  0.090419  0.031294  
0.075248  0.029793  0.080937  0.018906  0.059111  
0.005344  0.010145  0.015728  0.024415  0.013617  
0.058912  0.005805  0.088955  0.094550  0.005602  
0.092522  0.046905  0.025697  0.058701  0.016884  


0.080333  0.069871  0.068192  0.090419  0.031294  
0.075248  0.029793  0.080937  0.018906  0.059111  
0.005344  0.010145  0.015728  0.024415  0.013617  
0.058912  0.005805  0.088955  0.094550  0.005602  
0.092522  0.046905  0.025697  0.058701  0.016884  


0.080333  0.069871  0.068192  0.090419  0.031294  
0.075248  0.029793  0.080937  0.018906  0.059111  
0.005344  0.010145  0.015728  0.024415  0.013617  
0.058912  0.005805  0.088955  0.094550  0.005602  
0.092522  0.046905  0.025697  0.058701  0.016884  


0.080333  0.069871  0.068192  0.090419  0.031294  
0.075248  0.029793  0.080937  0.018906  0.059111  
0.005344  0.010145  0.015728  0.024415  0.013617  
0.058912  0.005805  0.088955  0.094550  0.005602  
0.092522  0.046905  0.025697  0.058701  0.016884  


0.080333  0.069871  0.068192  0.090419  0.031294  
0.075248  0.029793  0.080937  0.018906  0.059111  
0.005344  0.010145  0.015728  0.024415  0.013617  
0.058912  0.005805  0.088955  0.094550  0.005602  
0.092522  0.046905  0.025697  0.058701  0.016884  


0.080333  0.069871  0.068192  0.090419  0.031294  
0.075248  0.029793  0.080937  0.018906  0.059111  
0.005344  0.010145  0.015728  0.024415  0.013617  
0.058912  0.005805  0.088955  0.094550  0.005602  
0.092522  0.046905  0.025697  0.058701  0.016884  


0.080333  0.069871  0.068192  0.090419  0.031294  
0.075248  0.029793  0.080937  0.018906  0.059111  
0.005344  0.010145  0.015728  0.024415  0.013617  
0.058912  0.005805  0.088955  0.094550  0.005602  
0.092522  0.046905  0.025697  0.058701  0.016884  


0.080333  0.069871  0.068192  0.090419  0.031294  
0.075248  0.029793  0.080937  0.018906  0.059111  
0.005344  0.010145  0.015728  0.024415  0.013617  
0.058912  0.005805  0.088955  0.094550  0.005602  
0.092522  0.046905  0.025697  0.058701  0.016884  


0.080333  0.069871  0.068192  0.090419  0.031294  
0.075248  0.029793  0.080937  0.018906  0.059111  
0.005344  0.010145  0.015728  0.024415  0.013617  
0.058912  0.005805  0.088955  0.094550  0.005602  
0.092522  0.046905  0.025697  0.058701  0.016884  


0.080333  0.069871  0.068192  0.090419  0.031294  
0.075248  0.029793  0.080937  0.018906  0.059111  
0.005344  0.010145  0.015728  0.024415  0.013617  
0.058912  0.005805  0.088955  0.094550  0.005602  
0.092522  0.046905  0.025697  0.058701  0.016884  


0.080333  0.069871  0.068192  0.090419  0.031294  
0.075248  0.029793  0.080937  0.018906  0.059111  
0.005344  0.010145  0.015728  0.024415  0.013617  
0.058912  0.005805  0.088955  0.094550  0.005602  
0.092522  0.046905  0.025697  0.058701  0.016884  


0.080333  0.069871  0.068192  0.090419  0.031294  
0.075248  0.029793  0.080937  0.018906  0.059111  
0.005344  0.010145  0.015728  0.024415  0.013617  
0.058912  0.005805  0.088955  0.094550  0.005602  
0.092522  0.046905  0.025697  0.058701  0.016884  


0.080333  0.069871  0.068192  0.090419  0.031294  
0.075248  0.029793  0.080937  0.018906  0.059111  
0.005344  0.010145  0.015728  0.024415  0.013617  
0.058912  0.005805  0.088955  0.094550  0.005602  
0.092522  0.046905  0.025697  0.058701  0.016884  


0.080333  0.069871  0.068192  0.090419  0.031294  
0.075248  0.029793  0.080937  0.018906  0.059111  
0.005344  0.010145  0.015728  0.024415  0.013617  
0.058912  0.005805  0.088955  0.094550  0.005602  
0.092522  0.046905  0.025697  0.058701  0.016884  


0.080333  0.069871  0.068192  0.090419  0.031294  
0.075248  0.029793  0.080937  0.018906  0.059111  
0.005344  0.010145  0.015728  0.024415  0.013617  
0.058912  0.005805  0.088955  0.094550  0.005602  
0.092522  0.046905  0.025697  0.058701  0.016884  


0.080333  0.069871  0.068192  0.090419  0.031294  
0.075248  0.029793  0.080937  0.018906  0.059111  
0.005344  0.010145  0.015728  0.024415  0.013617  
0.058912  0.005805  0.088955  0.094550  0.005602  
0.092522  0.046905  0.025697  0.058701  0.016884  


0.058459  0.047635  0.081555  0.092607  0.052652  
0.058225  0.072940  0.022524  0.026417  0.063358  
0.053818  0.001665  0.093152  0.034755  0.020571  
0.052263  0.040099  0.030717  0.067990  0.064513  
0.044334  0.026902  0.070319  0.033289  0.021452  


0.058459  0.047635  0.081555  0.092607  0.052652  
0.058225  0.072940  0.022524  0.026417  0.063358  
0.053818  0.001665  0.093152  0.034755  0.020571  
0.052263  0.040099  0.030717  0.067990  0.064513  
0.044334  0.026902  0.070319  0.033289  0.021452  


0.058459  0.047635  0.081555  0.092607  0.052652  
0.058225  0.072940  0.022524  0.026417  0.063358  
0.053818  0.001665  0.093152  0.034755  0.020571  
0.052263  0.040099  0.030717  0.067990  0.064513  
0.044334  0.026902  0.070319  0.033289  0.021452  


0.058459  0.047635  0.081555  0.092607  0.052652  
0.058225  0.072940  0.022524  0.026417  0.063358  
0.053818  0.001665  0.093152  0.034755  0.020571  
0.052263  0.040099  0.030717  0.067990  0.064513  
0.044334  0.026902  0.070319  0.033289  0.021452  


0.058459  0.047635  0.081555  0.092607  0.052652  
0.058225  0.072940  0.022524  0.026417  0.063358  
0.053818  0.001665  0.093152  0.034755  0.020571  
0.052263  0.040099  0.030717  0.067990  0.064513  
0.044334  0.026902  0.070319  0.033289  0.021452  


0.058459  0.047635  0.081555  0.092607  0.052652  
0.058225  0.072940  0.022524  0.026417  0.063358  
0.053818  0.001665  0.093152  0.034755  0.020571  
0.052263  0.040099  0.030717  0.067990  0.064513  
0.044334  0.026902  0.070319  0.033289  0.021452  


0.058459  0.047635  0.081555  0.092607  0.052652  
0.058225  0.072940  0.022524  0.026417  0.063358  
0.053818  0.001665  0.093152  0.034755  0.020571  
0.052263  0.040099  0.030717  0.067990  0.064513  
0.044334  0.026902  0.070319  0.033289  0.021452  


0.058459  0.047635  0.081555  0.092607  0.052652  
0.058225  0.072940  0.022524  0.026417  0.063358  
0.053818  0.001665  0.093152  0.034755  0.020571  
0.052263  0.040099  0.030717  0.067990  0.064513  
0.044334  0.026902  0.070319  0.033289  0.021452  


0.058459  0.047635  0.081555  0.092607  0.052652  
0.058225  0.072940  0.022524  0.026417  0.063358  
0.053818  0.001665  0.093152  0.034755  0.020571  
0.052263  0.040099  0.030717  0.067990  0.064513  
0.044334  0.026902  0.070319  0.033289  0.021452  


0.058459  0.047635  0.081555  0.092607  0.052652  
0.058225  0.072940  0.022524  0.026417  0.063358  
0.053818  0.001665  0.093152  0.034755  0.020571  
0.052263  0.040099  0.030717  0.067990  0.064513  
0.044334  0.026902  0.070319  0.033289  0.021452  


0.058459  0.047635  0.081555  0.092607  0.052652  
0.058225  0.072940  0.022524  0.026417  0.063358  
0.053818  0.001665  0.093152  0.034755  0.020571  
0.052263  0.040099  0.030717  0.067990  0.064513  
0.044334  0.026902  0.070319  0.033289  0.021452  


0.058459  0.047635  0.081555  0.092607  0.052652  
0.058225  0.072940  0.022524  0.026417  0.063358  
0.053818  0.001665  0.093152  0.034755  0.020571  
0.052263  0.040099  0.030717  0.067990  0.064513  
0.044334  0.026902  0.070319  0.033289  0.021452  


0.058459  0.047635  0.081555  0.092607  0.052652  
0.058225  0.072940  0.022524  0.026417  0.063358  
0.053818  0.001665  0.093152  0.034755  0.020571  
0.052263  0.040099  0.030717  0.067990  0.064513  
0.044334  0.026902  0.070319  0.033289  0.021452  


0.058459  0.047635  0.081555  0.092607  0.052652  
0.058225  0.072940  0.022524  0.026417  0.063358  
0.053818  0.001665  0.093152  0.034755  0.020571  
0.052263  0.040099  0.030717  0.067990  0.064513  
0.044334  0.026902  0.070319  0.033289  0.021452  


0.058459  0.047635  0.081555  0.092607  0.052652  
0.058225  0.072940  0.022524  0.026417  0.063358  
0.053818  0.001665  0.093152  0.034755  0.020571  
0.052263  0.040099  0.030717  0.067990  0.064513  
0.044334  0.026902  0.070319  0.033289  0.021452  


0.058459  0.047635  0.081555  0.092607  0.052652  
0.058225  0.072940  0.022524  0.026417  0.063358  
0.053818  0.001665  0.093152  0.034755  0.020571  
0.052263  0.040099  0.030717  0.067990  0.064513  
0.044334  0.026902  0.070319  0.033289  0.021452  


0.075921  0.025811  0.068357  0.001618  0.084512  
0.085241  0.060076  0.032148  0.066796  0.052683  
0.084800  0.025021  0.025623  0.007324  0.051438  
0.088981  0.061141  0.053103  0.082133  0.095896  
0.073675  0.034396  0.035994  0.004392  0.002386  


0.075921  0.025811  0.068357  0.001618  0.084512  
0.085241  0.060076  0.032148  0.066796  0.052683  
0.084800  0.025021  0.025623  0.007324  0.051438  
0.088981  0.061141  0.053103  0.082133  0.095896  
0.073675  0.034396  0.035994  0.004392  0.002386  


0.075921  0.025811  0.068357  0.001618  0.084512  
0.085241  0.060076  0.032148  0.066796  0.052683  
0.084800  0.025021  0.025623  0.007324  0.051438  
0.088981  0.061141  0.053103  0.082133  0.095896  
0.073675  0.034396  0.035994  0.004392  0.002386  


0.075921  0.025811  0.068357  0.001618  0.084512  
0.085241  0.060076  0.032148  0.066796  0.052683  
0.084800  0.025021  0.025623  0.007324  0.051438  
0.088981  0.061141  0.053103  0.082133  0.095896  
0.073675  0.034396  0.035994  0.004392  0.002386  


0.075921  0.025811  0.068357  0.001618  0.084512  
0.085241  0.060076  0.032148  0.066796  0.052683  
0.084800  0.025021  0.025623  0.007324  0.051438  
0.088981  0.061141  0.053103  0.082133  0.095896  
0.073675  0.034396  0.035994  0.004392  0.002386  


0.075921  0.025811  0.068357  0.001618  0.084512  
0.085241  0.060076  0.032148  0.066796  0.052683  
0.084800  0.025021  0.025623  0.007324  0.051438  
0.088981  0.061141  0.053103  0.082133  0.095896  
0.073675  0.034396  0.035994  0.004392  0.002386  


0.075921  0.025811  0.068357  0.001618  0.084512  
0.085241  0.060076  0.032148  0.066796  0.052683  
0.084800  0.025021  0.025623  0.007324  0.051438  
0.088981  0.061141  0.053103  0.082133  0.095896  
0.073675  0.034396  0.035994  0.004392  0.002386  


0.075921  0.025811  0.068357  0.001618  0.084512  
0.085241  0.060076  0.032148  0.066796  0.052683  
0.084800  0.025021  0.025623  0.007324  0.051438  
0.088981  0.061141  0.053103  0.082133  0.095896  
0.073675  0.034396  0.035994  0.004392  0.002386  


+++++++++++++++++++++++++++++++++++++++++++++++++++++++++
