0.640766  0.597280  0.222602  0.219788  0.630243  
0.923513  0.737939  0.462852  0.438562  0.850586  
0.952662  0.948911  0.899086  0.767014  0.333569  
0.536743  0.219136  0.477551  0.949820  0.466169  
0.884318  0.967277  0.183765  0.458039  0.780224  


0.766448  0.904782  0.257585  0.761612  0.963505  
0.331846  0.402379  0.560785  0.554448  0.622167  
0.191028  0.477961  0.360105  0.653880  0.916523  
0.210692  0.606542  0.865434  0.109778  0.373556  
0.199003  0.646520  0.592692  0.676554  0.596341  


0.058860  0.560872  0.563617  0.242626  0.018911  
0.343841  0.009073  0.923692  0.601427  0.770686  
0.887197  0.933273  0.173065  0.447982  0.487721  
0.795231  0.639009  0.965682  0.155336  0.292889  
0.882204  0.366028  0.899431  0.747638  0.475806  


0.272987  0.946640  0.122326  0.865679  0.623194  
0.718666  0.924540  0.184066  0.282284  0.167165  
0.202977  0.626125  0.176239  0.126669  0.227552  
0.946925  0.013866  0.160824  0.119989  0.461848  
0.648545  0.915221  0.100857  0.614227  0.070557  


0.393746  0.496431  0.436585  0.293177  0.244069  
0.912391  0.566164  0.190709  0.034716  0.431844  
0.813904  0.753383  0.356383  0.997970  0.035666  
0.523548  0.200947  0.661792  0.699787  0.327616  
0.889343  0.646712  0.341482  0.050168  0.766701  


0.803330  0.698713  0.681922  0.904187  0.312940  
0.752479  0.297933  0.809371  0.189064  0.591111  
0.053439  0.101454  0.157275  0.244149  0.136171  
0.589119  0.058052  0.889553  0.945502  0.056022  
0.925220  0.469050  0.256969  0.587011  0.168837  


0.584585  0.476355  0.815549  0.926068  0.526523  
0.582250  0.729398  0.225236  0.264172  0.633585  
0.538175  0.016651  0.931518  0.347546  0.205714  
0.522629  0.400985  0.307168  0.679904  0.645134  
0.443339  0.269022  0.703186  0.332892  0.214524  


0.759208  0.258112  0.683574  0.016177  0.845123  
0.852411  0.600763  0.321478  0.667960  0.526830  
0.848000  0.250210  0.256228  0.073236  0.514382  
0.889813  0.611411  0.531033  0.821331  0.958957  
0.736747  0.343959  0.359942  0.043915  0.023863  


0.005076  0.487254  0.292886  0.708262  0.820146  
0.507410  0.467471  0.078258  0.190984  0.483648  
0.923381  0.043395  0.084411  0.244858  0.711355  
0.611241  0.092858  0.961565  0.867469  0.166094  
0.475947  0.757282  0.777505  0.006980  0.578613  


0.736462  0.743727  0.922572  0.096404  0.787642  
0.946435  0.101480  0.274897  0.239321  0.809743  
0.095043  0.746730  0.277214  0.173301  0.937714  
0.760862  0.096681  0.981109  0.845273  0.341540  
0.692463  0.456514  0.434398  0.654029  0.323983  


0.600492  0.129976  0.081265  0.377997  0.136956  
0.659878  0.114459  0.880683  0.582450  0.210863  
0.668326  0.528885  0.312343  0.943222  0.768206  
0.122086  0.038265  0.514936  0.399300  0.211565  
0.452650  0.160162  0.308247  0.433758  0.005435  


0.649787  0.126222  0.461949  0.084185  0.780250  
0.785932  0.684677  0.910227  0.867197  0.062674  
0.047183  0.527075  0.177133  0.927866  0.109525  
0.387996  0.596191  0.638409  0.700340  0.539413  
0.406615  0.822426  0.577678  0.921551  0.221726  


0.789244  0.374201  0.381888  0.097491  0.807959  
0.387323  0.747277  0.934181  0.849272  0.831462  
0.714432  0.635204  0.516139  0.624658  0.502401  
0.578813  0.671841  0.029476  0.755946  0.599707  
0.139001  0.143942  0.195898  0.777410  0.844281  


0.735311  0.184025  0.666707  0.312990  0.105576  
0.888433  0.102233  0.479777  0.270321  0.199724  
0.287736  0.657643  0.947001  0.221918  0.506915  
0.778463  0.936349  0.142119  0.294601  0.561007  
0.644520  0.873414  0.232848  0.673996  0.629359  


0.832555  0.812997  0.773301  0.028453  0.590407  
0.617582  0.763764  0.774432  0.284289  0.076753  
0.880009  0.172722  0.178987  0.359786  0.443043  
0.378710  0.647522  0.100686  0.325711  0.869440  
0.607600  0.104174  0.805789  0.749719  0.398775  


0.366796  0.394239  0.272189  0.599644  0.068235  
0.901549  0.432199  0.881232  0.674850  0.460652  
0.471639  0.292432  0.224415  0.246071  0.576721  
0.301169  0.126080  0.749443  0.480155  0.485866  
0.192486  0.858866  0.133388  0.293171  0.184577  


0.002828  0.900772  0.288752  0.808617  0.650491  
0.687527  0.175413  0.044729  0.959716  0.775058  
0.112964  0.861265  0.207257  0.994196  0.536115  
0.667908  0.465835  0.828546  0.892324  0.711906  
0.405267  0.193493  0.837986  0.154711  0.673648  


0.323852  0.347196  0.532514  0.457240  0.640368  
0.717092  0.460067  0.541140  0.005843  0.268684  
0.191630  0.693370  0.444097  0.236360  0.653087  
0.219155  0.349324  0.514352  0.426412  0.343520  
0.050466  0.094320  0.809355  0.879013  0.986644  


0.521261  0.284280  0.180136  0.359247  0.438990  
0.853785  0.683098  0.786187  0.386299  0.140338  
0.426555  0.103390  0.600405  0.967694  0.109233  
0.869090  0.159324  0.802604  0.313187  0.395684  
0.455690  0.532342  0.745008  0.970042  0.958753  


0.088528  0.020508  0.053073  0.897883  0.899521  
0.039717  0.419144  0.183801  0.219853  0.778391  
0.622791  0.073638  0.461489  0.408978  0.459936  
0.601827  0.835533  0.563327  0.202232  0.803227  
0.672560  0.071322  0.962551  0.475164  0.384509  


0.358235  0.930854  0.916851  0.103244  0.900896  
0.875604  0.191772  0.921405  0.928678  0.089655  
0.820926  0.968395  0.508799  0.004727  0.188248  
0.287189  0.627518  0.261886  0.748678  0.036496  
0.721822  0.350505  0.872028  0.285149  0.552738  


0.675255  0.957709  0.624060  0.637806  0.432873  
0.008569  0.996042  0.363727  0.925420  0.099285  
0.264624  0.801024  0.291057  0.186029  0.729702  
0.380712  0.006954  0.698096  0.889511  0.011681  
0.886344  0.176700  0.639199  0.148230  0.925379  


0.675694  0.870053  0.275884  0.547723  0.155202  
0.828622  0.222978  0.112911  0.452681  0.860784  
0.545784  0.461250  0.856826  0.909512  0.386669  
0.956111  0.174136  0.187693  0.247168  0.360164  
0.917395  0.627880  0.367118  0.615491  0.517391  


0.378799  0.501835  0.694091  0.017998  0.650066  
0.619470  0.693692  0.520118  0.895354  0.241415  
0.675320  0.723975  0.464393  0.788231  0.176656  
0.325177  0.334016  0.637906  0.182003  0.243528  
0.024575  0.138114  0.417663  0.212269  0.385282  


0.777828  0.129663  0.013161  0.144946  0.745154  
0.530552  0.523745  0.246990  0.224643  0.541743  
0.897055  0.844113  0.235435  0.417174  0.739467  
0.476850  0.092494  0.463442  0.941243  0.880725  
0.640098  0.266420  0.214741  0.278005  0.448423  


0.458269  0.302580  0.586537  0.875932  0.514849  
0.971818  0.653760  0.644512  0.984980  0.798706  
0.389667  0.515532  0.322451  0.636656  0.740175  
0.864194  0.533712  0.584288  0.099629  0.950885  
0.323755  0.576479  0.043379  0.787197  0.517722  


0.924104  0.427295  0.784142  0.138845  0.705300  
0.232565  0.597113  0.007880  0.819102  0.473045  
0.522729  0.790920  0.126805  0.167241  0.775899  
0.925511  0.556908  0.291431  0.247962  0.193564  
0.031606  0.112157  0.727276  0.615894  0.211786  


0.678161  0.939649  0.788265  0.721540  0.726846  
0.305987  0.645644  0.154141  0.090130  0.784489  
0.859441  0.322695  0.381603  0.867321  0.141796  
0.854648  0.390050  0.932716  0.981453  0.557291  
0.708616  0.906964  0.114199  0.000047  0.154927  


0.307763  0.031653  0.267083  0.035039  0.647548  
0.478869  0.713200  0.587197  0.267134  0.434740  
0.314043  0.573122  0.080384  0.468185  0.663252  
0.864873  0.327626  0.985946  0.246476  0.194948  
0.127743  0.101124  0.584998  0.060459  0.082577  


0.142289  0.769074  0.989541  0.256489  0.769121  
0.144468  0.564252  0.800775  0.411551  0.599291  
0.448322  0.890420  0.312491  0.035519  0.157555  
0.747231  0.349562  0.730677  0.827615  0.817747  
0.393928  0.692488  0.145373  0.379874  0.938963  


0.340321  0.507617  0.040087  0.925318  0.568076  
0.122664  0.067608  0.337150  0.112205  0.324096  
0.106272  0.256673  0.888348  0.907046  0.668225  
0.487639  0.355369  0.558645  0.800129  0.390888  
0.716199  0.547360  0.740451  0.446876  0.374975  


0.558198  0.840804  0.067462  0.703571  0.220679  
0.006426  0.043891  0.728296  0.046513  0.969210  
0.296372  0.169177  0.036818  0.633522  0.281382  
0.360914  0.739794  0.538055  0.249262  0.646840  
0.206280  0.736901  0.002209  0.764925  0.537030  


0.393097  0.481124  0.084390  0.133548  0.928000  
0.459365  0.691745  0.768804  0.526827  0.395316  
0.989483  0.533253  0.439207  0.717779  0.579765  
0.408417  0.014150  0.748942  0.445235  0.647672  
0.030324  0.806149  0.387466  0.568379  0.055411  


0.034307  0.774659  0.792311  0.036516  0.539584  
0.329342  0.429613  0.020708  0.413732  0.563161  
0.948708  0.873097  0.254906  0.717512  0.399924  
0.650222  0.706995  0.933176  0.089430  0.424774  
0.512941  0.497847  0.438924  0.261883  0.943081  


0.086596  0.292207  0.749230  0.474063  0.860587  
0.804641  0.508369  0.635246  0.596952  0.544885  
0.174830  0.926294  0.974499  0.195538  0.340026  
0.537660  0.144246  0.213122  0.792566  0.861759  
0.613046  0.442789  0.568754  0.546222  0.532218  


0.993528  0.059163  0.030065  0.432452  0.321047  
0.973147  0.519048  0.613254  0.722377  0.993110  
0.473841  0.527017  0.501480  0.109087  0.123969  
0.046365  0.283917  0.050263  0.020864  0.479455  
0.390289  0.558524  0.623701  0.603411  0.351090  


0.485460  0.216457  0.793878  0.054214  0.762679  
0.326097  0.047742  0.821842  0.356162  0.480193  
0.142889  0.329309  0.999241  0.756143  0.051685  
0.992352  0.229984  0.578702  0.493831  0.339071  
0.702672  0.540197  0.622988  0.752935  0.561060  


0.102443  0.143224  0.119584  0.726144  0.746635  
0.470674  0.211604  0.963092  0.264553  0.265818  
0.725771  0.590649  0.313560  0.547613  0.946811  
0.793753  0.690502  0.276120  0.792995  0.446645  
0.327805  0.785346  0.676628  0.906507  0.279178  


0.015699  0.609179  0.819374  0.638687  0.362115  
0.380434  0.741130  0.505339  0.500019  0.467274  
0.251974  0.970693  0.678878  0.215066  0.235245  
0.944697  0.940837  0.825895  0.258257  0.488450  
0.772706  0.052010  0.178952  0.048826  0.845005  


0.625596  0.376631  0.630351  0.302225  0.283138  
0.909529  0.317924  0.892318  0.728903  0.956611  
0.254432  0.109337  0.697741  0.759771  0.609356  
0.165015  0.011745  0.580048  0.843894  0.226811  
0.815294  0.788590  0.167648  0.641188  0.046847  


0.656098  0.413894  0.098858  0.835050  0.462720  
0.943863  0.460646  0.839351  0.574214  0.762871  
0.122489  0.483742  0.080795  0.014807  0.212645  
0.037406  0.269239  0.321982  0.735147  0.029011  
0.931338  0.900163  0.040756  0.511386  0.744056  


0.267567  0.326680  0.532647  0.435216  0.967868  
0.579494  0.091314  0.381762  0.678351  0.926364  
0.844482  0.622214  0.387011  0.683833  0.196428  
0.149882  0.806322  0.680170  0.230677  0.821129  
0.892815  0.268084  0.090368  0.214797  0.003231  


0.119379  0.146135  0.903394  0.160135  0.657522  
0.647450  0.427702  0.984202  0.180096  0.862918  
0.952070  0.759590  0.954232  0.333832  0.437942  
0.880596  0.178314  0.060156  0.267607  0.862147  
0.256583  0.417489  0.668469  0.936754  0.648167  


0.489597  0.829569  0.916250  0.579965  0.044366  
0.919482  0.699344  0.190501  0.822875  0.859479  
0.848023  0.470325  0.287181  0.832225  0.650421  
0.150099  0.784295  0.410011  0.104331  0.118126  
0.847953  0.984927  0.296440  0.908109  0.252535  


0.158587  0.164692  0.670024  0.827056  0.101446  
0.318191  0.316653  0.931014  0.234441  0.896618  
0.975380  0.153923  0.595963  0.165882  0.976798  
0.455442  0.013905  0.447123  0.742623  0.846130  
0.097544  0.892721  0.630424  0.507555  0.997052  


0.748551  0.355508  0.981980  0.044991  0.263617  
0.234514  0.203578  0.428309  0.904539  0.030634  
0.529754  0.222729  0.347287  0.460768  0.457171  
0.243905  0.436149  0.611093  0.839868  0.602030  
0.587891  0.295309  0.615935  0.035014  0.037932  


0.462065  0.132558  0.930653  0.092489  0.640113  
0.927706  0.841040  0.995620  0.909686  0.886031  
0.259237  0.144200  0.089609  0.687545  0.048739  
0.120243  0.217300  0.271468  0.467529  0.678068  
0.728638  0.711434  0.114216  0.339732  0.551302  


0.716247  0.927623  0.846611  0.332182  0.962637  
0.884543  0.794247  0.095194  0.815197  0.886736  
0.735307  0.742903  0.727776  0.730928  0.652588  
0.613807  0.990165  0.796788  0.703416  0.677710  
0.845527  0.823659  0.895010  0.116995  0.291188  


0.573077  0.845633  0.002623  0.687294  0.185365  
0.553925  0.403541  0.112988  0.400536  0.735723  
0.075625  0.285080  0.529970  0.170819  0.100276  
0.416706  0.906126  0.843179  0.144482  0.637054  
0.495767  0.758290  0.627218  0.292555  0.461706  


0.304929  0.138082  0.285365  0.199938  0.255076  
0.576553  0.773016  0.100709  0.579176  0.460309  
0.286074  0.133100  0.863850  0.399062  0.533636  
0.599573  0.474687  0.818716  0.129542  0.645507  
0.918992  0.546248  0.551633  0.762171  0.690731  


0.188687  0.257939  0.449020  0.815905  0.550494  
0.910726  0.120834  0.688576  0.196091  0.320772  
0.943652  0.772644  0.093788  0.044362  0.351819  
0.554097  0.330436  0.484919  0.417947  0.729499  
0.018556  0.017520  0.204186  0.837272  0.147062  


0.849692  0.756264  0.693311  0.401325  0.518436  
0.384041  0.590012  0.776374  0.833062  0.405917  
0.326868  0.743788  0.526751  0.015444  0.939879  
0.847523  0.959096  0.712522  0.941311  0.003458  
0.064342  0.495408  0.333894  0.549261  0.913355  


0.063393  0.567817  0.930875  0.267578  0.405089  
0.077937  0.117271  0.161353  0.771248  0.518596  
0.679788  0.155289  0.108608  0.456162  0.988351  
0.514525  0.783031  0.732138  0.041276  0.798474  
0.672017  0.888799  0.757571  0.384539  0.830110  


0.761029  0.448881  0.325518  0.094923  0.998142  
0.238873  0.158316  0.565959  0.169748  0.425894  
0.971047  0.247685  0.543165  0.132400  0.018933  
0.061761  0.812189  0.174222  0.170368  0.268351  
0.162573  0.684893  0.051382  0.894711  0.726169  


0.849856  0.566728  0.614968  0.607427  0.951267  
0.445079  0.368455  0.400148  0.770597  0.463378  
0.398290  0.009470  0.621694  0.964248  0.179218  
0.047588  0.935296  0.426904  0.590753  0.067696  
0.445836  0.652514  0.879885  0.620058  0.822882  


0.148236  0.782631  0.507775  0.199617  0.677342  
0.233944  0.049473  0.244069  0.848912  0.656900  
0.195336  0.293991  0.025355  0.595484  0.064588  
0.488733  0.993774  0.074058  0.110427  0.958022  
0.253276  0.158015  0.893318  0.680180  0.748768  


0.961014  0.126016  0.401282  0.840899  0.746074  
0.224164  0.989134  0.528705  0.731938  0.188752  
0.206047  0.965882  0.238225  0.450117  0.814794  
0.895125  0.645453  0.108785  0.920479  0.240937  
0.173373  0.409213  0.234711  0.247431  0.519640  


0.192734  0.500707  0.677655  0.086052  0.180886  
0.426423  0.047066  0.306902  0.827705  0.887964  
0.052977  0.051869  0.877099  0.581682  0.783807  
0.065851  0.787729  0.749690  0.304075  0.237846  
0.564484  0.199200  0.883299  0.673269  0.119679  


0.124236  0.846642  0.528892  0.358948  0.094073  
0.048532  0.551681  0.594779  0.726187  0.637733  
0.775665  0.152610  0.684799  0.082568  0.980315  
0.572763  0.135545  0.032184  0.449862  0.717227  
0.815991  0.515712  0.504956  0.565681  0.819788  


0.742802  0.130165  0.018988  0.626101  0.803434  
0.138667  0.750337  0.650077  0.667559  0.109285  
0.744149  0.716091  0.660966  0.338929  0.442278  
0.298698  0.114594  0.594888  0.983497  0.197162  
0.575203  0.556260  0.332706  0.607387  0.006122  


0.049933  0.423378  0.521834  0.554889  0.989059  
0.341622  0.297691  0.119224  0.360610  0.923792  
0.922658  0.499278  0.674129  0.572735  0.166837  
0.783413  0.316884  0.882928  0.444379  0.655813  
0.325206  0.743078  0.770407  0.920094  0.726575  


0.967568  0.495297  0.282835  0.300275  0.102683  
0.288957  0.350207  0.526061  0.810791  0.905096  
0.515120  0.152413  0.202787  0.634344  0.513024  
0.126579  0.557002  0.012301  0.800708  0.129737  
0.179138  0.584121  0.446622  0.062067  0.028500  


0.102434  0.387273  0.771578  0.872841  0.307366  
0.498153  0.840409  0.802663  0.780987  0.140684  
0.905346  0.069944  0.490891  0.431407  0.880735  
0.395988  0.946527  0.033148  0.598775  0.580872  
0.546172  0.725354  0.137874  0.558473  0.526062  


0.267611  0.737611  0.110183  0.714233  0.799678  
0.138684  0.816667  0.186951  0.910262  0.689509  
0.494317  0.408414  0.529918  0.296980  0.189401  
0.670602  0.202326  0.259345  0.161494  0.633734  
0.140080  0.557481  0.580261  0.173228  0.156257  


0.161133  0.719400  0.881611  0.299007  0.277873  
0.407673  0.566618  0.015484  0.517856  0.280851  
0.815162  0.656539  0.097518  0.002113  0.566801  
0.787027  0.496430  0.975215  0.316945  0.793410  
0.164617  0.987547  0.995737  0.423962  0.149041  


0.629471  0.564042  0.706522  0.209732  0.737270  
0.862779  0.370865  0.456670  0.744390  0.669871  
0.734543  0.152062  0.236490  0.750027  0.669918  
0.517341  0.565189  0.326458  0.614859  0.567302  
0.893259  0.401886  0.063733  0.868474  0.718831  


0.857143  0.033091  0.706378  0.852880  0.457052  
0.855419  0.482350  0.021094  0.561941  0.692082  
0.758364  0.424720  0.062947  0.215033  0.169109  
0.732818  0.949576  0.321171  0.969308  0.699603  
0.991090  0.486648  0.264793  0.317548  0.101507  


0.832095  0.210806  0.503394  0.895828  0.079281  
0.222225  0.752971  0.112371  0.928603  0.605850  
0.569424  0.784022  0.088201  0.590518  0.345963  
0.780283  0.348881  0.770682  0.843230  0.563915  
0.939791  0.576048  0.513491  0.260963  0.545356  


0.213094  0.252053  0.032004  0.477887  0.569600  
0.133512  0.309982  0.780407  0.636905  0.205809  
0.859687  0.859130  0.958780  0.972059  0.787733  
0.564630  0.541482  0.571755  0.652831  0.132000  
0.917717  0.433114  0.480881  0.688399  0.276344  


0.044796  0.628191  0.852391  0.558287  0.889154  
0.397747  0.771381  0.141207  0.429751  0.249267  
0.710807  0.563263  0.559249  0.491214  0.200168  
0.765058  0.350901  0.059298  0.723838  0.322960  
0.847031  0.288468  0.864442  0.418785  0.941299  


0.996442  0.336502  0.374413  0.477323  0.024902  
0.650757  0.522119  0.653093  0.503148  0.080405  
0.542247  0.900895  0.851786  0.683453  0.330647  
0.101054  0.394260  0.893909  0.660302  0.885474  
0.094077  0.425361  0.236375  0.153375  0.149199  


0.559335  0.000406  0.437667  0.423777  0.419191  
0.378966  0.420218  0.755693  0.753379  0.897541  
0.780595  0.404136  0.419660  0.433687  0.907284  
0.500065  0.975934  0.808179  0.351851  0.659387  
0.138826  0.452905  0.053647  0.032735  0.113207  


0.939121  0.126812  0.538568  0.175496  0.280187  
0.687766  0.734831  0.280593  0.125433  0.158607  
0.699784  0.504399  0.578825  0.455477  0.257778  
0.476366  0.236071  0.661914  0.896026  0.669759  
0.569198  0.396091  0.645693  0.377377  0.747942  


0.305080  0.516203  0.200847  0.358727  0.548938  
0.314054  0.297849  0.675750  0.852622  0.473345  
0.955938  0.540389  0.208175  0.236531  0.665822  
0.366783  0.936315  0.170221  0.945608  0.391792  
0.427999  0.421975  0.627863  0.089914  0.318000  


0.297622  0.659112  0.714091  0.943315  0.036489  
0.462033  0.248395  0.552692  0.662880  0.607122  
0.101630  0.976935  0.904971  0.777380  0.829557  
0.378316  0.733318  0.369946  0.586491  0.969849  
0.035767  0.953274  0.906164  0.205989  0.898882  


0.297956  0.633988  0.320857  0.925819  0.723902  
0.638857  0.223441  0.383013  0.352948  0.166755  
0.419502  0.814982  0.415150  0.972194  0.477862  
0.022273  0.073824  0.454797  0.927244  0.851204  
0.284354  0.305560  0.584522  0.654299  0.892051  


0.554371  0.690067  0.845325  0.460535  0.896055  
0.744207  0.758491  0.530043  0.065064  0.684309  
0.253945  0.703921  0.907750  0.636959  0.056869  
0.074505  0.056461  0.871851  0.489656  0.028655  
0.349713  0.511929  0.102479  0.804510  0.439173  


0.953683  0.088864  0.744732  0.538205  0.743163  
0.636783  0.092576  0.433230  0.482107  0.553111  
0.329285  0.226314  0.311602  0.859329  0.291378  
0.995912  0.113274  0.995298  0.903662  0.750232  
0.052167  0.978167  0.806693  0.924018  0.467823  


0.835348  0.273731  0.979752  0.937826  0.078241  
0.418925  0.891509  0.167104  0.163657  0.429714  
0.910267  0.800440  0.522290  0.343497  0.282547  
0.075401  0.672782  0.508861  0.387003  0.532111  
0.800239  0.382915  0.645385  0.795537  0.286577  


0.395617  0.847705  0.264745  0.202310  0.771723  
0.732568  0.037658  0.045454  0.712320  0.975484  
0.123695  0.131244  0.866993  0.290799  0.294901  
0.296707  0.201067  0.095341  0.818996  0.544564  
0.377888  0.894397  0.217346  0.886749  0.281401  


0.749457  0.686988  0.664316  0.394842  0.482525  
0.950893  0.790458  0.330230  0.215638  0.992768  
0.101953  0.948206  0.030426  0.147407  0.660526  
0.005910  0.271102  0.791770  0.872903  0.561902  
0.086671  0.169610  0.762968  0.182012  0.988606  


0.307532  0.559900  0.883004  0.524878  0.446649  
0.164405  0.274335  0.133637  0.828721  0.669177  
0.616163  0.779615  0.459635  0.946393  0.995253  
0.452404  0.048346  0.943459  0.482830  0.195753  
0.603984  0.488740  0.466855  0.395754  0.361644  


0.028757  0.482426  0.531254  0.791725  0.664438  
0.519860  0.099258  0.224338  0.402864  0.624136  
0.670987  0.567269  0.898471  0.804625  0.395990  
0.567648  0.420787  0.175605  0.027284  0.367180  
0.170857  0.479688  0.415526  0.114316  0.962518  


0.611279  0.718300  0.451258  0.078135  0.114054  
0.812902  0.106892  0.596480  0.344156  0.898617  
0.260918  0.864016  0.997875  0.485257  0.266880  
0.622011  0.156244  0.834149  0.520482  0.960868  
0.230139  0.088130  0.381656  0.405744  0.115414  


0.748836  0.576601  0.595102  0.164362  0.690917  
0.557619  0.775641  0.409217  0.008877  0.853776  
0.523271  0.821779  0.960668  0.119752  0.165934  
0.859285  0.380670  0.029950  0.857159  0.865927  
0.296830  0.479170  0.022170  0.130979  0.999652  


0.983039  0.361119  0.087782  0.364695  0.766863  
0.203196  0.113530  0.343464  0.798297  0.277892  
0.034380  0.355916  0.053534  0.443597  0.364793  
0.907310  0.966868  0.186572  0.867977  0.086620  
0.352506  0.727262  0.467290  0.382457  0.584421  


0.333217  0.679287  0.063591  0.355387  0.810266  
0.063243  0.338426  0.171385  0.151025  0.703121  
0.938247  0.354221  0.816651  0.281711  0.152518  
0.094543  0.316091  0.508434  0.148077  0.759688  
0.873228  0.055387  0.726557  0.059800  0.923364  


0.813177  0.412306  0.650626  0.280467  0.794763  
0.235047  0.613683  0.474050  0.298639  0.969070  
0.284316  0.361881  0.307496  0.455701  0.512906  
0.010617  0.393948  0.867127  0.827268  0.675659  
0.019645  0.921812  0.991751  0.528079  0.069889  


0.751439  0.401306  0.125275  0.477996  0.461106  
0.048639  0.291173  0.873412  0.699265  0.571639  
0.668175  0.934312  0.185323  0.142225  0.232951  
0.154393  0.426541  0.594832  0.461890  0.882242  
0.107738  0.472507  0.276190  0.974865  0.299775  


0.951850  0.994510  0.221587  0.943601  0.522588  
0.291475  0.695040  0.923895  0.416750  0.173036  
0.385001  0.465389  0.464208  0.258413  0.164654  
0.035848  0.926588  0.098966  0.221171  0.068814  
0.331917  0.375564  0.495355  0.926749  0.837454  


0.377597  0.034487  0.309961  0.653787  0.009352  
0.609736  0.605637  0.003862  0.831323  0.549238  
0.526450  0.122798  0.244277  0.450345  0.539549  
0.417313  0.835346  0.004938  0.881521  0.093759  
0.169592  0.917369  0.020347  0.268558  0.138539  


0.089161  0.600475  0.514103  0.584516  0.527224  
0.351557  0.962112  0.561712  0.661518  0.615899  
0.571064  0.271254  0.221536  0.574926  0.102577  
0.770774  0.101377  0.225375  0.015051  0.551721  
0.764924  0.432364  0.387067  0.769862  0.313885  


0.480826  0.939454  0.231253  0.501173  0.208012  
0.369793  0.590334  0.808488  0.883896  0.174850  
0.335712  0.235453  0.136962  0.897424  0.896971  
0.752861  0.468488  0.168225  0.974398  0.043415  
0.270803  0.745172  0.144791  0.496178  0.760223  


0.696513  0.261102  0.192586  0.083580  0.030963  
0.506471  0.564406  0.970417  0.737724  0.065579  
0.178430  0.107517  0.655914  0.986918  0.991413  
0.830764  0.322630  0.226866  0.967726  0.220054  
0.123838  0.720587  0.688542  0.292063  0.694985  


0.731957  0.562866  0.440157  0.876748  0.059043  
0.200379  0.573261  0.320145  0.392965  0.656840  
0.351109  0.899437  0.221246  0.321526  0.637161  
0.286825  0.499956  0.744678  0.942739  0.486873  
0.736091  0.773503  0.809503  0.962958  0.741229  


0.029557  0.086795  0.461816  0.718099  0.378859  
0.156801  0.450056  0.941724  0.596958  0.326804  
0.000768  0.797337  0.900065  0.320913  0.190303  
0.556905  0.672021  0.089739  0.778152  0.993547  
0.726900  0.064977  0.493503  0.471579  0.007716  


0.980376  0.207670  0.781219  0.789879  0.170628  
0.522448  0.819436  0.257423  0.984264  0.537536  
0.636282  0.141065  0.987592  0.578006  0.738023  
0.314397  0.578774  0.535360  0.214462  0.899687  
0.725663  0.771367  0.571708  0.815402  0.549519  


0.565256  0.542302  0.614496  0.058759  0.013881  
0.622212  0.039135  0.221551  0.403431  0.829014  
0.392179  0.925878  0.648451  0.649603  0.910142  
0.185987  0.285885  0.051208  0.173579  0.863891  
0.789231  0.487976  0.442665  0.324591  0.702437  


0.342352  0.050254  0.473805  0.914060  0.865657  
0.023323  0.479315  0.407959  0.637819  0.538074  
0.421840  0.260030  0.577209  0.643391  0.663461  
0.406224  0.035571  0.589339  0.054675  0.685173  
0.499481  0.240662  0.971058  0.550689  0.414241  


0.834949  0.339920  0.902216  0.277614  0.664511  
0.604654  0.619965  0.714766  0.078458  0.534025  
0.580422  0.101782  0.013341  0.988382  0.739600  
0.551415  0.410222  0.999631  0.128624  0.053613  
0.663091  0.534848  0.089184  0.252430  0.589522  


0.774357  0.751912  0.830184  0.745415  0.302601  
0.244425  0.580364  0.642521  0.146641  0.857978  
0.307032  0.751295  0.477943  0.021798  0.829754  
0.011968  0.602221  0.931535  0.025309  0.590602  
0.671135  0.576724  0.000824  0.670766  0.705347  


0.054437  0.333857  0.240195  0.143621  0.586287  
0.829717  0.917979  0.338199  0.659901  0.663394  
0.640800  0.904326  0.243758  0.283321  0.050967  
0.101735  0.590354  0.802262  0.579678  0.612152  
0.632015  0.591647  0.214373  0.563550  0.616955  


0.804975  0.234686  0.193679  0.805799  0.905452  
0.899026  0.860237  0.239309  0.139221  0.003858  
0.825596  0.968939  0.921837  0.163796  0.628840  
0.585230  0.804596  0.533165  0.828988  0.087917  
0.584132  0.930723  0.678271  0.386394  0.510402  


0.290423  0.018409  0.102048  0.504796  0.581960  
0.719004  0.309771  0.816646  0.912683  0.115571  
0.722097  0.811709  0.975807  0.961406  0.950930  
0.979666  0.787003  0.919869  0.901503  0.950798  
0.548708  0.486733  0.755394  0.081873  0.315721  


0.843312  0.666005  0.246445  0.521583  0.052399  
0.756846  0.812006  0.070808  0.858895  0.316802  
0.652768  0.577898  0.626573  0.469413  0.490581  
0.742143  0.191511  0.302290  0.717951  0.152917  
0.253220  0.697616  0.939920  0.173089  0.599119  


0.890718  0.721797  0.085852  0.646113  0.803670  
0.401573  0.489424  0.469676  0.648018  0.011007  
0.522075  0.404864  0.823013  0.592883  0.263759  
0.139814  0.245651  0.841657  0.766387  0.715065  
0.332238  0.508530  0.906575  0.634528  0.226481  


0.059492  0.887748  0.924097  0.999412  0.060836  
0.523216  0.890130  0.782633  0.609068  0.536243  
0.586303  0.010642  0.025667  0.055979  0.658659  
0.036674  0.578054  0.063524  0.859686  0.170937  
0.327282  0.999500  0.416589  0.168940  0.765887  


0.131653  0.501178  0.274417  0.038229  0.135705  
0.500898  0.097721  0.023453  0.424995  0.097133  
0.084289  0.948211  0.987263  0.866922  0.557279  
0.523506  0.453226  0.567921  0.549173  0.509205  
0.226580  0.585846  0.087259  0.290104  0.445533  


0.258196  0.617387  0.445033  0.674785  0.786326  
0.210920  0.806438  0.287504  0.485337  0.844667  
0.423209  0.986235  0.942388  0.446662  0.411230  
0.039521  0.530952  0.359441  0.026784  0.397874  
0.916720  0.550290  0.851100  0.484641  0.099463  


0.360305  0.711222  0.685309  0.447564  0.001326  
0.130842  0.705760  0.618712  0.575875  0.380544  
0.405038  0.786796  0.186983  0.692542  0.272133  
0.031649  0.115752  0.258368  0.974037  0.562414  
0.669598  0.013558  0.093366  0.029040  0.040343  


0.491240  0.945760  0.590633  0.342340  0.430401  
0.690096  0.702645  0.141623  0.375405  0.150208  
0.142949  0.506247  0.855968  0.761661  0.082122  
0.236512  0.166699  0.868918  0.423495  0.859242  
0.141051  0.455144  0.974993  0.399420  0.429182  


0.537407  0.069018  0.442740  0.630773  0.098057  
0.483083  0.122013  0.043817  0.073716  0.464353  
0.474219  0.763811  0.166998  0.615842  0.139216  
0.317206  0.758790  0.645464  0.173174  0.520451  
0.727586  0.409687  0.687151  0.596504  0.833182  


0.546393  0.737555  0.288326  0.521386  0.136975  
0.717508  0.058793  0.205993  0.160248  0.689566  
0.304050  0.643331  0.811579  0.347868  0.717047  
0.275933  0.822086  0.480859  0.442931  0.437928  
0.620075  0.760137  0.196719  0.265539  0.933311  


0.717170  0.993125  0.342998  0.404321  0.589629  
0.176179  0.950714  0.327184  0.464505  0.472099  
0.464159  0.182014  0.530892  0.670152  0.342262  
0.220459  0.974202  0.985593  0.032038  0.322070  
0.702641  0.307971  0.144156  0.183500  0.750902  


0.582084  0.803575  0.511039  0.778803  0.069114  
0.444350  0.495973  0.062239  0.787347  0.900294  
0.651868  0.963527  0.851007  0.979052  0.428032  
0.323107  0.443211  0.610046  0.853999  0.113363  
0.952308  0.074458  0.087565  0.937901  0.106496  


0.409635  0.640542  0.414467  0.553791  0.824041  
0.165369  0.135875  0.627616  0.676407  0.914678  
0.696730  0.120757  0.410651  0.758969  0.908104  
0.310944  0.410836  0.871631  0.161952  0.389888  
0.299663  0.485059  0.833099  0.909708  0.339058  


0.946461  0.862016  0.413516  0.034026  0.799917  
0.520012  0.443661  0.440458  0.934478  0.997451  
0.264500  0.099847  0.133326  0.892116  0.776254  
0.048004  0.588846  0.897011  0.458655  0.347815  
0.805115  0.769599  0.758651  0.676745  0.931551  


0.148539  0.976408  0.416609  0.981637  0.886116  
0.755667  0.928099  0.748131  0.169182  0.962125  
0.548048  0.689194  0.405786  0.988506  0.623672  
0.403237  0.253006  0.723519  0.536564  0.145122  
0.499773  0.584568  0.733968  0.396784  0.043222  


0.081783  0.201899  0.812821  0.840433  0.878644  
0.744372  0.988972  0.855051  0.160982  0.970610  
0.741167  0.916649  0.898709  0.489298  0.085831  
0.860834  0.037347  0.775025  0.266620  0.025853  
0.398698  0.669857  0.278859  0.122217  0.206421  


0.423981  0.621990  0.790989  0.157949  0.018774  
0.834212  0.239732  0.220673  0.647033  0.080166  
0.099316  0.391405  0.069138  0.954368  0.552387  
0.039747  0.695535  0.469035  0.938456  0.184833  
0.554866  0.799290  0.222180  0.329892  0.065910  


+++++++++++++++++++++++++++++++++++++++++++++++++++++++++
