211.411804  284.315308  193.279236  277.676056  239.402328  
406.353546  438.947510  368.825378  469.752014  341.824738  
453.115387  489.856201  551.854553  575.311279  366.233185  
298.006042  423.231628  577.346375  500.859100  265.476257  
100.060074  269.228638  421.097076  284.283386  114.806183  


12701128704.000000  24740941824.000000  40964681728.000000  41924558848.000000  28903780352.000000  
32659681280.000000  48191660032.000000  58417209344.000000  53133115392.000000  34438696960.000000  
49353846784.000000  72934531072.000000  76604522496.000000  60399140864.000000  32039276544.000000  
36642865152.000000  59443814400.000000  73839583232.000000  64143360000.000000  29802356736.000000  
12645250048.000000  27944800256.000000  51918221312.000000  55211663360.000000  29231939584.000000  


10804533248.000000  16043417600.000000  29347670016.000000  27202183168.000000  16860934144.000000  
24335988736.000000  31555428352.000000  42161704960.000000  36456824832.000000  21456375808.000000  
37633990656.000000  51752910848.000000  54341763072.000000  41459277824.000000  20322959360.000000  
28187938816.000000  43956383744.000000  51828539392.000000  42256613376.000000  18287923200.000000  
12432282624.000000  24798134272.000000  41753432064.000000  38705750016.000000  17182152704.000000  


10094170112.000000  14013240320.000000  28116840448.000000  26037215232.000000  16728307712.000000  
23189553152.000000  29870319616.000000  41803644928.000000  36173070336.000000  22116630528.000000  
35923320832.000000  48790736896.000000  51439210496.000000  40294227968.000000  20922130432.000000  
29576828928.000000  46475796480.000000  52573851648.000000  41729241088.000000  19224598528.000000  
10835159040.000000  23370190848.000000  42909900800.000000  39068631040.000000  17742313472.000000  


1066885613086572544.000000  1961474867882622976.000000  3433851229602578432.000000  3551399742850203648.000000  2211330913835417600.000000  
2883864793150652416.000000  4130637036891668480.000000  5248147120258547712.000000  4802893289520889856.000000  2854137847026286592.000000  
4640392068005363712.000000  6295473727157043200.000000  6755141055823216640.000000  5331510992364896256.000000  2676935605291581440.000000  
3857172277267267584.000000  5744504052431978496.000000  6855237845636874240.000000  5545566115083583488.000000  2459655340090720256.000000  
1548835438242824192.000000  3121058313442164736.000000  5370959820302057472.000000  5087635465033482240.000000  2376967392757547008.000000  


1360960786893111296.000000  2502143767922868224.000000  4380379833146802176.000000  4530330954064986112.000000  2820907581977919488.000000  
3678773492003635200.000000  5269235753279291392.000000  6694788312818778112.000000  6126797648339927040.000000  3640912633734889472.000000  
5919478133852995584.000000  8030812588310790144.000000  8617187636961869824.000000  6801139124771225600.000000  3414865687447863296.000000  
4920370609390616576.000000  7327968471952654336.000000  8744869524248985600.000000  7074209434599161856.000000  3137689801201811456.000000  
1975760685023363072.000000  3981364864403636224.000000  6851439032962908160.000000  6490048252610609152.000000  3032207328557400064.000000  


1049950728837136384.000000  1930325978345635840.000000  3379290713853263872.000000  3494978578548785152.000000  2176118091883216896.000000  
2838088000917733376.000000  4065005538562277376.000000  5164732670617321472.000000  4726581684995096576.000000  2808680462921236480.000000  
4566722589921116160.000000  6195419268541054976.000000  6647775394638331904.000000  5246773830235455488.000000  2634294070465265664.000000  
3795932778135027712.000000  5653196208814948352.000000  6746294385266130944.000000  5457397926919667712.000000  2420469570310504448.000000  
1524252969585868800.000000  3071478585366675456.000000  5285642665788964864.000000  5006748242868699136.000000  2339101586686476288.000000  


994084543029837824.000000  1827567820636946432.000000  3199456241281662976.000000  3308907126268624896.000000  2060311205053988864.000000  
2687045339831074816.000000  3848604058029916160.000000  4889892147068665856.000000  4474933709966934016.000000  2659220823700668416.000000  
4323653004612861952.000000  5865633949929177088.000000  6293994884017684480.000000  4967439052908265472.000000  2494123380354056192.000000  
3593873052397469696.000000  5352301107978698752.000000  6387251062239133696.000000  5166870121221718016.000000  2291684323104915456.000000  
1443116433159487488.000000  2908003196548939776.000000  5004313374368989184.000000  4740213979912077312.000000  2214644292125720576.000000  


1122382706584322048.000000  2063472713300705280.000000  3612415216488284160.000000  3736045128549138432.000000  2326256816972890112.000000  
3033862643313016832.000000  4345401894366085120.000000  5521040958470225920.000000  5052598977258586112.000000  3002468562683035648.000000  
4881729922499870720.000000  6622784594850611200.000000  7106383893606957056.000000  5608680831296995328.000000  2816055437164544000.000000  
4057768827906162688.000000  6043175391001051136.000000  7211689070001389568.000000  5833849267793428480.000000  2587482088034795520.000000  
1629391844846600192.000000  3283357774573993984.000000  5650255015210647552.000000  5352114740757790720.000000  2500498073893994496.000000  


996526695794081792.000000  1832161030461980672.000000  3207475804216754176.000000  3317305470959484928.000000  2065649746323701760.000000  
2693694086644236288.000000  3858361124214800384.000000  4902188535357898752.000000  4486313380436508672.000000  2666112562583568384.000000  
4334413650035998720.000000  5880515839811125248.000000  6309854789492539392.000000  4980116971732336640.000000  2500587409213751296.000000  
3602845617035935744.000000  5365857536593362944.000000  6403341315400007680.000000  5180093947568979968.000000  2297623610040254464.000000  
1446699604115456000.000000  2915291859129466880.000000  5016864849355866112.000000  4752337744875749376.000000  2220380719165734912.000000  


1028155934473453568.000000  1890195178321346560.000000  3309075076669767680.000000  3422279694353956864.000000  2130832231592099840.000000  
2779145381575917568.000000  3980465463892115456.000000  5057413188920803328.000000  4628258957192855552.000000  2750235097713082368.000000  
4471849579851022336.000000  6066581794533146624.000000  6509614611782696960.000000  5137617064608923648.000000  2579480392163655680.000000  
3717062884929306624.000000  5535661714340577280.000000  6606078065422368768.000000  5343849711851798528.000000  2370108639223480320.000000  
1492596930310569984.000000  3007660181711486976.000000  5175803653197398016.000000  4902581061009014784.000000  2290432941433552896.000000  


954090082447392768.000000  1754058871250354176.000000  3070728443558625280.000000  3175820039819362304.000000  1977387687354564608.000000  
2578955925117206528.000000  3693798318397194240.000000  4693140588592103424.000000  4294950528447676416.000000  2552183916492488704.000000  
4149742700691718144.000000  5629671607782866944.000000  6040754266396688384.000000  4767631951618113536.000000  2393724774598574080.000000  
3449327130641432576.000000  5136976049329930240.000000  6130275953374396416.000000  4959020642130198528.000000  2199429250220556288.000000  
1385077200058843136.000000  2791021756423340032.000000  4803005439706923008.000000  4549527052696420352.000000  2125491216421224448.000000  


1125386434912452608.000000  2068988688259350528.000000  3622077449795272704.000000  3746032817297948672.000000  2332472356204707840.000000  
3041981162294607872.000000  4357018509591445504.000000  5535810148410327040.000000  5066107577117442048.000000  3010493348298358784.000000  
4894793769905291264.000000  6640491130104315904.000000  7125391700872134656.000000  5623672672341721088.000000  2823582144012484608.000000  
4068628979131613184.000000  6059340410952613888.000000  7230982200533975040.000000  5849444740721803264.000000  2594398291051413504.000000  
1633752645401313280.000000  3292145346381086720.000000  5665374399604195328.000000  5366423235325853696.000000  2507180905567617024.000000  


1098600819831341056.000000  2019795163643117568.000000  3535948031067160576.000000  3657003161773670400.000000  2277100538313048064.000000  
2969598662570672128.000000  4253462931074711552.000000  5404191459739959296.000000  4945713252899225600.000000  2939027291516174336.000000  
4778353289500557312.000000  6482675477390557184.000000  6956000939496964096.000000  5490056720799498240.000000  2756555090549538816.000000  
3971850240532676608.000000  5915319780876746752.000000  7059071358507941888.000000  5710482413889519616.000000  2532811621122703360.000000  
1594884222164664320.000000  3213856270192738304.000000  5530653438876057600.000000  5238934312329412608.000000  2447664890911916032.000000  


1537072725409923072.000000  2825956539372666880.000000  4947257516980436992.000000  5116646629088165888.000000  3186020209190240256.000000  
4154830690749251584.000000  5951175954570149888.000000  7561195778924871680.000000  6919735747478028288.000000  4112160843498520576.000000  
6685513932238487552.000000  9070155641280004096.000000  9732386546887163904.000000  7681360305212882944.000000  3856855343040561152.000000  
5557124181314764800.000000  8276350577223401472.000000  9876596292963008512.000000  7989784861676142592.000000  3543804591403433984.000000  
2231437682972557312.000000  4496607008295747584.000000  7738108849101471744.000000  7330017411871014912.000000  3424668108487393280.000000  


1128737608914960384.000000  2075233227110350848.000000  3632984605142810624.000000  3757401217773338624.000000  2339626053732925440.000000  
3051079346136547328.000000  4370231065944522752.000000  5552510080768802816.000000  5081499090638864384.000000  3019725672558886912.000000  
4909482695496564736.000000  6660633633369358336.000000  7146915740497477632.000000  5640791518630379520.000000  2832241622714941440.000000  
4080862145502248960.000000  6077697857089961984.000000  7252823999019745280.000000  5867273871522004992.000000  2602353532556279808.000000  
1638650832264101888.000000  3302062666385719296.000000  5682448715671928832.000000  5382775722009952256.000000  2514867316479492096.000000  


+++++++++++++++++++++++++++++++++++++++++++++++++++++++++
150.016235  191.092590  108.588577  177.383316  281.954773  
313.529358  270.297241  200.052032  303.565277  284.773010  
420.335876  389.951202  364.566772  391.674103  222.565735  
312.923981  382.514435  500.627869  401.868713  174.560272  
151.985794  270.284149  402.175293  279.092804  109.626770  


18094954496.000000  33916260352.000000  31883939840.000000  27790123008.000000  31452549120.000000  
27207909376.000000  50672955392.000000  58453716992.000000  56462831616.000000  52300779520.000000  
21461854208.000000  48776093696.000000  72990736384.000000  69496119296.000000  46611841024.000000  
10612338688.000000  40349773824.000000  63957098496.000000  54177804288.000000  22484287488.000000  
9509812224.000000  32006230016.000000  43529961472.000000  26211573760.000000  5377966080.000000  


14459649024.000000  22025580544.000000  20891856896.000000  20619272192.000000  19238146048.000000  
21912389632.000000  36673073152.000000  40429854720.000000  37795926016.000000  33994780672.000000  
17196959744.000000  38710702080.000000  49224589312.000000  46609137664.000000  33072963584.000000  
10214198272.000000  32852742144.000000  46231973888.000000  38132731904.000000  16184356864.000000  
8043575296.000000  24627429376.000000  31941099520.000000  19672084480.000000  3308463360.000000  


13881724928.000000  20556865536.000000  19515215872.000000  19903723520.000000  16944236544.000000  
21581463552.000000  35086569472.000000  39376084992.000000  36811575296.000000  33460969472.000000  
16501750784.000000  39692947456.000000  48423104512.000000  44930392064.000000  34640711680.000000  
8267992064.000000  32383410176.000000  45234503680.000000  39738896384.000000  17243279360.000000  
7421074432.000000  22465110016.000000  31138705408.000000  20535502848.000000  3994546688.000000  


1543240710763839488.000000  2841415123103383552.000000  2509768331305680896.000000  2256946077859053568.000000  2482557067785666560.000000  
2628788265989177344.000000  4595890709260664832.000000  4848895756515409920.000000  4912539887577595904.000000  4481175362599911424.000000  
2267333713962467328.000000  4707845457101979648.000000  6426351894746103808.000000  6267511497195257856.000000  4220099899997290496.000000  
1206198890286546944.000000  4007221529598230528.000000  6236011588571103232.000000  5061611674071465984.000000  2150544276054867968.000000  
881086358653763584.000000  3163805126506840064.000000  4173083683281960960.000000  2507046215393214464.000000  558409107837550592.000000  


1968620044195725312.000000  3624634638963572736.000000  3201595890909315072.000000  2879061851482619904.000000  3166864792489033728.000000  
3353389243559837696.000000  5862722992894640128.000000  6185500574146887680.000000  6266659925439545344.000000  5716415378632998912.000000  
2892304644405460992.000000  6005537458714836992.000000  8197767381674622976.000000  7995141682326667264.000000  5383393097788948480.000000  
1538676363119034368.000000  5111780190623629312.000000  7954949584529129472.000000  6456861693149446144.000000  2743363424917389312.000000  
1123950060409716736.000000  4035881949443653632.000000  5323388899970514944.000000  3198133253915541504.000000  712341903957295104.000000  


1518741392673734656.000000  2796293914678525952.000000  2469842315322064896.000000  2221087842581348352.000000  2443121983743852544.000000  
2587054103133683712.000000  4522894682048430080.000000  4771782608012967936.000000  4834499301017124864.000000  4409935530335141888.000000  
2231343674728382464.000000  4633071519587631104.000000  6324210563060596736.000000  6167910037369913344.000000  4152958222447149056.000000  
1187055018457432064.000000  3943599938524413952.000000  6136930747501510656.000000  4981110380488032256.000000  2116299024335110144.000000  
867097684530429952.000000  3113583833396543488.000000  4106769937987534848.000000  2467139440863084544.000000  549511206910558208.000000  


1437930586567081984.000000  2647427187103236096.000000  2338388553395863552.000000  2102903674173915136.000000  2313048383788417024.000000  
2449389474900082688.000000  4282110706536415232.000000  4517842151240892416.000000  4577189940617543680.000000  4175162310014271488.000000  
2112602191364620288.000000  4386444464407707648.000000  5987633561123946496.000000  5839585419955535872.000000  3931904158461853696.000000  
1123894947389374464.000000  3733702344148254720.000000  5810258146307866624.000000  4715969748519616512.000000  2003684844395036672.000000  
820969804490866688.000000  2947860218177912832.000000  3888134799583346688.000000  2335838236175237120.000000  520278937939476480.000000  


1623513718245556224.000000  2989166671010201600.000000  2640229783987814400.000000  2374317844612513792.000000  2611634235328430080.000000  
2765522707385679872.000000  4834865988144988160.000000  5100984635706310656.000000  5167994921616932864.000000  4714128616298905600.000000  
2385271454326325248.000000  4952652270782119936.000000  6760489080380719104.000000  6593376507098300416.000000  4439454119006044160.000000  
1268947331688955904.000000  4215630934986194944.000000  6560258117358059520.000000  5324728654888960000.000000  2262314443381669888.000000  
926920600369233920.000000  3328355837696540672.000000  4390044265477046272.000000  2637350163034669056.000000  587429686460547072.000000  


1441470739130613760.000000  2654091876835000320.000000  2344382815912591360.000000  2108149169272127488.000000  2318912354177253376.000000  
2455434314951688192.000000  4292912308767686656.000000  4529321052634873856.000000  4588678737616175104.000000  4185846539379277824.000000  
2117810303067488256.000000  4397473390668021760.000000  6002750196738424832.000000  5854387045488656384.000000  3942022689094369280.000000  
1126645719323639808.000000  3742994316914589696.000000  5824933877759606784.000000  4728048433506549760.000000  2008859970749071360.000000  
822978406076383232.000000  2955180766595645440.000000  3898018859361239040.000000  2341861635750100992.000000  521622884746002432.000000  


1487213858819932160.000000  2738153114191265792.000000  2418461587200278528.000000  2174950410534518784.000000  2392303655819673600.000000  
2533345434017988608.000000  4428850428867772416.000000  4672569825548042240.000000  4734026478226767872.000000  4318179635729793024.000000  
2185026060213551104.000000  4536764471477010432.000000  6192749104553000960.000000  6039655304524726272.000000  4066547328742326272.000000  
1162428019579551744.000000  3861678900551614464.000000  6009343967970197504.000000  4877489655907352576.000000  2072269493517680640.000000  
849109674300014592.000000  3048910834328666112.000000  4021354377183756288.000000  2415807366130827264.000000  538080684028198912.000000  


1380078682760019968.000000  2540947732290338816.000000  2244295371947769856.000000  2018287733201436672.000000  2220017605450661888.000000  
2350850967940890624.000000  4109883205161582592.000000  4336046974559059968.000000  4393053353924362240.000000  4007212183749394432.000000  
2027617639118929920.000000  4210010781300817920.000000  5746726165431713792.000000  5604676959704449024.000000  3773701752533024768.000000  
1078680280476155904.000000  3583519226276610048.000000  5576538258126405632.000000  4526234173739892736.000000  1923037178326155264.000000  
787935046353813504.000000  2829290533505990656.000000  3731744113939185664.000000  2241836863948062720.000000  499330698809704448.000000  


1627858713320620032.000000  2997158471276691456.000000  2647285899859066880.000000  2380669723286175744.000000  2618613660263645184.000000  
2772926543809216512.000000  4847796244887633920.000000  5114623527693058048.000000  5181817432045518848.000000  4726729019553218560.000000  
2391657692738355200.000000  4965900286385192960.000000  6778571098855309312.000000  6611007176049688576.000000  4451323347027886080.000000  
1272344960057737216.000000  4226913023798804480.000000  6577804673669922816.000000  5338967330468659200.000000  2268363956357693440.000000  
929401785796263936.000000  3337261881881526272.000000  4401783751126810624.000000  2644402430615224320.000000  589000819857162240.000000  


1589117283676979200.000000  2925900771947970560.000000  2584405654500278272.000000  2324047623234781184.000000  2556377178962919424.000000  
2706936054933356544.000000  4732544336552525824.000000  4993082962602885120.000000  5058602310746243072.000000  4614436996520083456.000000  
2334737625035833344.000000  4847825381945769984.000000  6617437669804736512.000000  6453880917126545408.000000  4345607503040479232.000000  
1242055338857857024.000000  4126358287392178176.000000  6421437627525758976.000000  5212138664204697600.000000  2214506578294341632.000000  
907277962577969152.000000  3257866147239821312.000000  4297177314371829760.000000  2581609321552936960.000000  575018364846473216.000000  


2223366168113053696.000000  4093717635454205952.000000  3615963340511117312.000000  3251643736060329984.000000  3576716272957652992.000000  
3787334322327912448.000000  6621458583827513344.000000  6986031900586409984.000000  7077651455749914624.000000  6456258061265797120.000000  
3266581151279480832.000000  6782744295238533120.000000  9258699345455218688.000000  9029864587435966464.000000  6080153616310599680.000000  
1737781013917990912.000000  5773293115137851392.000000  8984458055743700992.000000  7292541107794083840.000000  3098436411456487424.000000  
1269388373290647552.000000  4558156844584927232.000000  6012345084958212096.000000  3612063372767395840.000000  804540283273347072.000000  


1632712232523530240.000000  3006213224409333760.000000  2655358514230198272.000000  2387818198134161408.000000  2626556257384792064.000000  
2781205316610555904.000000  4862456033420771328.000000  5130141485051674624.000000  5197438193741332480.000000  4741136470167781376.000000  
2398795722225876992.000000  4980889378650849280.000000  6799069843887751168.000000  6631050173512417280.000000  4464928154154172416.000000  
1276127142618333184.000000  4239595890425200640.000000  6597707483400110080.000000  5355245600117882880.000000  2275307509726052352.000000  
932162659493609472.000000  3347266063304753152.000000  4415152713008939008.000000  2652490987904958464.000000  590803194292994048.000000  


+++++++++++++++++++++++++++++++++++++++++++++++++++++++++
70.665108  202.539124  235.383484  180.365631  209.585938  
238.538818  412.369415  385.781769  363.950439  313.079010  
390.341064  506.828430  487.047974  460.092957  292.769714  
323.407654  432.131409  482.510742  393.587860  199.059921  
158.473587  314.826721  361.984680  231.513367  92.540535  


2189760768.000000  6578867200.000000  21999489024.000000  32498667520.000000  25413754880.000000  
10315386880.000000  23338323968.000000  44170772480.000000  47876497408.000000  33134209024.000000  
20816584704.000000  44699795456.000000  66388738048.000000  57501667328.000000  32277358592.000000  
16989780992.000000  41065512960.000000  59867054080.000000  48971726848.000000  20618993664.000000  
6742787584.000000  25869297664.000000  39858286592.000000  32196253696.000000  8130668544.000000  


2424483328.000000  4858907648.000000  16771257344.000000  21331036160.000000  15450955776.000000  
8968876032.000000  16158568448.000000  31748730880.000000  32893206528.000000  20962287616.000000  
16395892736.000000  32231329792.000000  45976711168.000000  39426134016.000000  20425965568.000000  
13104272384.000000  32175656960.000000  42130800640.000000  33372753920.000000  13783658496.000000  
6556523008.000000  22647513088.000000  30487449600.000000  22582511616.000000  5403840000.000000  


2062449280.000000  4017756160.000000  16061382656.000000  19909433344.000000  15334211584.000000  
8489715712.000000  14428050432.000000  29991235584.000000  32080635904.000000  20925280256.000000  
16088432640.000000  30499639296.000000  43870248960.000000  38933282816.000000  20741457920.000000  
12843756544.000000  33138432000.000000  42474618880.000000  34383958016.000000  15414429696.000000  
5155223552.000000  21605308416.000000  29737189376.000000  22714456064.000000  6038657536.000000  


192506172283027456.000000  512896713791373312.000000  1879692643252830208.000000  2776816890826194944.000000  2005294254540193792.000000  
892659130852966400.000000  1932340833403535360.000000  3865869139365068800.000000  4251885131888852992.000000  2717532598246047744.000000  
1910246422121283584.000000  3946301713471766528.000000  5818736480469647360.000000  5064033348431642624.000000  2706213126038093824.000000  
1808616363342692352.000000  4095144251791245312.000000  5686469079938891776.000000  4464172789665890304.000000  1901443182273495040.000000  
837943583964135424.000000  2720705788803809280.000000  4000575806442045440.000000  2924523633634181120.000000  775470226627100672.000000  


245567744446038016.000000  654271059897352192.000000  2397815232731807744.000000  3542231190264086528.000000  2558069877113880576.000000  
1138710866573656064.000000  2464975327101714432.000000  4931476776342781952.000000  5423901854935285760.000000  3466644713656811520.000000  
2436788247012048896.000000  5034077703888699392.000000  7422658963092537344.000000  6459934278393266176.000000  3452207026472484864.000000  
2307145380736794624.000000  5223949068354453504.000000  7253931207228915712.000000  5694733559089070080.000000  2425595768397103104.000000  
1068915380270923776.000000  3470650509394706432.000000  5103321097915334656.000000  3730688033020706816.000000  989238514249891840.000000  


189450492030484480.000000  504755105065598976.000000  1849842551826153472.000000  2732717403581448192.000000  1973372958084694016.000000  
878488624994189312.000000  1901659786064166912.000000  3804454817884012544.000000  4184335260646899712.000000  2674266265937248256.000000  
1879920242159779840.000000  3883626801909465088.000000  5726268652085313536.000000  4983542500208672768.000000  2663121890956017664.000000  
1779907015229833216.000000  4030100442426900480.000000  5596101318763610112.000000  4393177323860393984.000000  1871160295582334976.000000  
824646502654672896.000000  2677504052803141632.000000  3937024584112406528.000000  2877986254232748032.000000  763116113977409536.000000  


179372574608719872.000000  477890496945979392.000000  1751408773349507072.000000  2587227825970872320.000000  1868342522158252032.000000  
831749760086966272.000000  1800433522930876416.000000  3601990471867432960.000000  3961563484621111296.000000  2531946030593736704.000000  
1779889560482742272.000000  3676896900532928512.000000  5421507118609989632.000000  4718236941496090624.000000  2521403363350806528.000000  
1685187799348674560.000000  3815582975068733440.000000  5298244168554905600.000000  4159322470626623488.000000  1771593745251172352.000000  
780761007860482048.000000  2535000748773605376.000000  3727436227381559296.000000  2724803943518437376.000000  722517952791838720.000000  


202521039584886784.000000  539573064904474624.000000  1977456544270254080.000000  2921203658274111488.000000  2109515449908592640.000000  
939094393111969792.000000  2032830973502029824.000000  4066906594166702080.000000  4472953489525309440.000000  2858770914147827712.000000  
2009608875606540288.000000  4151511814900809728.000000  6121294042887094272.000000  5327300962342141952.000000  2846861553951571968.000000  
1902692502360555520.000000  4308096564347273216.000000  5982139301519949824.000000  4696233514801037312.000000  2000265363232653312.000000  
881533103972024320.000000  2862203314571837440.000000  4208589662521917440.000000  3076531116174213120.000000  815772756623753216.000000  


179809475861938176.000000  479076045358628864.000000  1755749370378059776.000000  2593759749673582592.000000  1873177761980350464.000000  
833789010559107072.000000  1804937122558246912.000000  3610999870145429504.000000  3971612196265263104.000000  2538492522825515008.000000  
1784273450781638656.000000  3686132798206246912.000000  5435166351561850880.000000  4730269996750471168.000000  2527922917547704320.000000  
1689344915374342144.000000  3825159996224569344.000000  5311626324576567296.000000  4169979212200935424.000000  1776174173253533696.000000  
782678693578276864.000000  2541310021371691008.000000  3736850795694391296.000000  2731823500628066304.000000  724383136829407232.000000  


185519944119615488.000000  494269371909144576.000000  1811429188964450304.000000  2675888320466124800.000000  1932303862325051392.000000  
860256798060314624.000000  1862136191336316928.000000  3725412301352730624.000000  4097304242384011264.000000  2618618608065970176.000000  
1840896650344660992.000000  3802899558686523392.000000  5607252015936700416.000000  4879871198093115392.000000  2607708154183548928.000000  
1742957377222606848.000000  3946342120524087296.000000  5479768040742584320.000000  4301780144923607040.000000  1832230574572437504.000000  
807534047277350912.000000  2621891029548138496.000000  3855165943424483328.000000  2818102178059649024.000000  747242464607207424.000000  


172154830528184320.000000  458667563358879744.000000  1680944096782319616.000000  2483173344053035008.000000  1793156542661394432.000000  
798284199550255104.000000  1728015976273805312.000000  3457074839326556160.000000  3802227757081952256.000000  2430045766832619520.000000  
1708281666700574720.000000  3529000766847057920.000000  5203387101403414528.000000  4528443092600094720.000000  2419919539618709504.000000  
1617397822255005696.000000  3662104895726551040.000000  5085100540975644672.000000  3991988345751207936.000000  1700284781192806400.000000  
749355863394746368.000000  2433028467000868864.000000  3577511219864535040.000000  2615162293264056320.000000  693429204447920128.000000  


203063219076464640.000000  541015933397762048.000000  1982747943978926080.000000  2929013489366204416.000000  2115151958829432832.000000  
941608151570972672.000000  2038266546672893952.000000  4077785711967731712.000000  4484912052866908160.000000  2866411695327150080.000000  
2014988648562294784.000000  4162614958195998720.000000  6137664671513051136.000000  5341541836945096704.000000  2854471548805316608.000000  
1907786814609948672.000000  4319623294497062912.000000  5998139944483160064.000000  4708788288322797568.000000  2005614349862830080.000000  
883893068242092032.000000  2869863337204645888.000000  4219845363055460352.000000  3084755188272070656.000000  817954256412737536.000000  


198228133873188864.000000  528144569246679040.000000  1935573947345010688.000000  2859382792368685056.000000  2064934376570880000.000000  
919194469599805440.000000  1989792240100179968.000000  3980807686886260736.000000  4378316874455187456.000000  2798355498980605952.000000  
1967033448916844544.000000  4063637196341510144.000000  5991750132658339840.000000  5214625209750913024.000000  2786701225481994240.000000  
1862383306574659584.000000  4216903619695345664.000000  5855554177081540608.000000  4596931122138447872.000000  1957995738214432768.000000  
862854256841981952.000000  2801595209991847936.000000  4119533893596479488.000000  3011502425094750208.000000  798535300518248448.000000  


277343939726409728.000000  738938884074766336.000000  2708109233840193536.000000  4000655795912966144.000000  2889161965295370240.000000  
1286061642492149760.000000  2783972512499761152.000000  5569668509476061184.000000  6125863613212131328.000000  3915332594085920768.000000  
2752117736497741824.000000  5685558134555279360.000000  8383269286931595264.000000  7295995223572742144.000000  3899027386401816576.000000  
2605701270584950784.000000  5900001934634385408.000000  8192718974035689472.000000  6431775785605922816.000000  2739542622010867712.000000  
1207234355362004992.000000  3919783966910971904.000000  5763778491266891776.000000  4213542412649234432.000000  1117275062756442112.000000  


203664755016073216.000000  542636407378673664.000000  1988680908722405376.000000  2937876377719799808.000000  2121636053776334848.000000  
944408470247964672.000000  2044401134361116672.000000  4090052413443014656.000000  4498518234382729216.000000  2875191845430755328.000000  
2020998166802857984.000000  4175173030252642304.000000  6156204636580610048.000000  5357792069047812096.000000  2863215140147298304.000000  
1913483109475549184.000000  4332647834361790464.000000  6016286834143789056.000000  4723149009693179904.000000  2011755809498726400.000000  
886526604749045760.000000  2878476361540829184.000000  4232616740367892480.000000  3094188448282574848.000000  820456882316509184.000000  


+++++++++++++++++++++++++++++++++++++++++++++++++++++++++
50.117226  204.206024  235.509262  120.318077  36.702179  
80.912491  312.778351  376.240143  227.235138  62.842014  
103.433601  370.727234  508.625366  332.906372  118.371193  
89.937775  321.693970  492.567139  317.573700  117.493752  
51.021244  207.424835  308.785919  188.362427  64.298058  


57073770496.000000  33333166080.000000  24529903616.000000  41599770624.000000  48853655552.000000  
108293947392.000000  96677093376.000000  88061263872.000000  99984384000.000000  92119007232.000000  
101924192256.000000  112458448896.000000  117770117120.000000  131406118912.000000  115943211008.000000  
47431598080.000000  59932454912.000000  75746172928.000000  104998469632.000000  107129618432.000000  
7004267008.000000  11341107200.000000  23962994688.000000  58798227456.000000  74067877888.000000  


36247707648.000000  22204493824.000000  17884143616.000000  31266506752.000000  30357737472.000000  
73747267584.000000  63902642176.000000  59590627328.000000  69830557696.000000  60623749120.000000  
73241747456.000000  76250800128.000000  80763666432.000000  92074459136.000000  77647544320.000000  
40597229568.000000  48296103936.000000  59477475328.000000  81041203200.000000  73545334784.000000  
7774312960.000000  11703095296.000000  21882836992.000000  48119951360.000000  54003720192.000000  


32336412672.000000  19741972480.000000  15800807424.000000  29587791872.000000  27655766016.000000  
71378518016.000000  60235309056.000000  54369554432.000000  65630294016.000000  58224607232.000000  
75848269824.000000  80290250752.000000  81811169280.000000  91362131968.000000  77188866048.000000  
39763517440.000000  49351966720.000000  60946108416.000000  82723094528.000000  74243719168.000000  
5939474432.000000  9835510784.000000  19464701952.000000  47507587072.000000  54970216448.000000  


4407716715870289920.000000  2514502278619070464.000000  1934644447702679552.000000  3564766230831169536.000000  3907887525976342528.000000  
9126508360982593536.000000  7728656347637481472.000000  7018849573896454144.000000  8483130231501094912.000000  7709199389872357376.000000  
9700303897100288000.000000  10250915131034697728.000000  10544354993278812160.000000  11798632778268934144.000000  10097973063611056128.000000  
5299418996729184256.000000  6530514678559277056.000000  7909376476825255936.000000  10421148118316744704.000000  9767366409813229568.000000  
916214655649579008.000000  1421625104005070848.000000  2719170045937713152.000000  6155765931441127424.000000  7133268052417708032.000000  


5622704552353464320.000000  3207628086577201152.000000  2467920368996712448.000000  4547364313324584960.000000  4985091162336395264.000000  
11642221751659659264.000000  9859059082499981312.000000  8953581020456681472.000000  10821469306873708544.000000  9834239806526193664.000000  
12374175438363164672.000000  13076570953977167872.000000  13450895289606995968.000000  15050900212300120064.000000  12881490103419011072.000000  
6760185615171452928.000000  8330638963844841472.000000  10089580491356241920.000000  13293701410718744576.000000  12459744930794831872.000000  
1168765467163099136.000000  1813490773266530304.000000  3468698051621683200.000000  7852562511994814464.000000  9099547786113712128.000000  


4337639067396079616.000000  2474515789495926784.000000  1903904713930178560.000000  3508165021500702720.000000  3845785459972112384.000000  
8981441545592897536.000000  7605785923233513472.000000  6907296972432998400.000000  8348365290307846144.000000  7586651122375327744.000000  
9546141371769815040.000000  10087962010240155648.000000  10376745440740638720.000000  11611138557942431744.000000  9937431171816226816.000000  
5215222794320609280.000000  6426735074548383744.000000  7783677558758834176.000000  10255564965708562432.000000  9612097775785213952.000000  
901668735289393152.000000  1399051717969969152.000000  2675982878466113536.000000  6058014399929516032.000000  7019899607500980224.000000  


4106754544824745984.000000  2342822059156963328.000000  1802585816942247936.000000  3321452279063642112.000000  3641041826351153152.000000  
8503388733242867712.000000  7200990821863129088.000000  6539682956267487232.000000  7904021855197986816.000000  7182778511260647424.000000  
9038029011028017152.000000  9551042994606440448.000000  9824476143271542784.000000  10993142654388142080.000000  9408444033065287680.000000  
4937628543900188672.000000  6084668211054247936.000000  7369409614959345664.000000  9709724512727072768.000000  9100416950055469056.000000  
853675121456447488.000000  1324579871275352064.000000  2533570284145868800.000000  5735580416060948480.000000  6646178353998987264.000000  


4636862635680202752.000000  2645227614091870208.000000  2035248524693602304.000000  3750162582971875328.000000  4111056384068419584.000000  
9601005902484209664.000000  8130474521275662336.000000  7383798373876236288.000000  8924248799006687232.000000  8109975776243220480.000000  
10204660875877416960.000000  10783877004320047104.000000  11092591282097225728.000000  12412114087079575552.000000  10622929392734568448.000000  
5574978051126591488.000000  6870073006274641920.000000  8320633408032079872.000000  10963029229926612992.000000  10275145068775997440.000000  
963864259781984256.000000  1495555166345101312.000000  2860583184188309504.000000  6475901936007643136.000000  7504116282036322304.000000  


4117219421620011008.000000  2348783611202764800.000000  1807104947171360768.000000  3329720881382424576.000000  3650315932053536768.000000  
8524961151379832832.000000  7219254809512116224.000000  6556188824823660544.000000  7923886731777015808.000000  7201108469607301120.000000  
9060891706060177408.000000  9575248743091929088.000000  9849329504105791488.000000  11020881133733675008.000000  9432460665550798848.000000  
4950061271631265792.000000  6100025639715209216.000000  7387994110247829504.000000  9734156760607883264.000000  9123620493692239872.000000  
855800821030322176.000000  1327891600298213376.000000  2539884504546279424.000000  5749885062338314240.000000  6663106984776040448.000000  


4247415342244036608.000000  2423057545804382208.000000  1864343460929077248.000000  3435282243986128896.000000  3765778121987457024.000000  
8794676851231424512.000000  7447640966787235840.000000  6763712848473358336.000000  8174846962282004480.000000  7428822275522035712.000000  
9347672925886480384.000000  9878219172125605888.000000  10161026756929126400.000000  11369774864924672000.000000  9730709791654805504.000000  
5106831288787009536.000000  6293148809820110848.000000  7621897616871129088.000000  10042418039594418176.000000  9412151586274148352.000000  
882940272697147392.000000  1369984753700175872.000000  2620403940071571456.000000  5932163199502647296.000000  6873871269192794112.000000  


3941531207396753408.000000  2248551306580983808.000000  1730059830950887424.000000  3187841825079558144.000000  3494586052897669120.000000  
8161287235132456960.000000  6911257963072061440.000000  6276566525205807104.000000  7586054637317259264.000000  6893834002306695168.000000  
8674438657664352256.000000  9166780723128958976.000000  9429201713086070784.000000  10550882793812918272.000000  9029945951296421888.000000  
4739006716144779264.000000  5839889984676429824.000000  7072930152820244480.000000  9319109812820115456.000000  8734327956517683200.000000  
819337923076816896.000000  1271302897912512512.000000  2431645281373126656.000000  5504865493158199296.000000  6378844196333158400.000000  


4649254681481052160.000000  2652296099468935168.000000  2040690282617372672.000000  3760194527063703552.000000  4122041604741529600.000000  
9626677299969523712.000000  8152211316400979968.000000  7403537356373884928.000000  8948112049620123648.000000  8131653197740638208.000000  
10231956252036956160.000000  10812723791386378240.000000  11122259404349505536.000000  12445312741168644096.000000  10651329778080022528.000000  
5589896224892256256.000000  6888455741179428864.000000  8342896319471288320.000000  10992362001132421120.000000  10302620764842491904.000000  
966443026865979392.000000  1499556564036485120.000000  2868238259018792960.000000  6493233537796276224.000000  7524182369243234304.000000  


4538787297994211328.000000  2589274017110163456.000000  1992164573876060160.000000  3670746507365056512.000000  4024094360160174080.000000  
9397893119485149184.000000  7958473519296151552.000000  7227549525232058368.000000  8735358198912909312.000000  7938449763286908928.000000  
9988744279972904960.000000  10555732739603038208.000000  10857892828567044096.000000  12149455052855050240.000000  10398263982807842816.000000  
5456992207129018368.000000  6724699427140796416.000000  8144559265227472896.000000  10731006987698438144.000000  10057823297011187712.000000  
943457461409415168.000000  1463896240851779584.000000  2800017960561803264.000000  6338786788710023168.000000  7345393532229648384.000000  


6350404778324918272.000000  3622762445539377152.000000  2787301009074946048.000000  5135836955283554304.000000  5630269192352563200.000000  
13148956202480173056.000000  11135009341185196032.000000  10112323889376788480.000000  12221922764730138624.000000  11107014675630391296.000000  
13975624019823558656.000000  14768938151938359296.000000  15191689377701953536.000000  16998737837463437312.000000  14548652096825065472.000000  
7635060970078863360.000000  9408766189972226048.000000  11395342908316975104.000000  15014117150304501760.000000  14072313972858552320.000000  
1320012362534617088.000000  2048174933145550848.000000  3917580270731001856.000000  8868766892513296384.000000  10277231941845516288.000000  


4663388903456112640.000000  2660350022142394368.000000  2046835727982919680.000000  3771477440510033920.000000  4134575487542362112.000000  
9655870433198604288.000000  8176925039258501120.000000  7425922313603776512.000000  8975111107395977216.000000  8156400455702806528.000000  
10262936091661172736.000000  10845490337405730816.000000  11155929748926889984.000000  12482940228094394368.000000  10683747778913370112.000000  
5606778676180942848.000000  6909288187990900736.000000  8368111419631075328.000000  11025545262058700800.000000  10333955746722480128.000000  
969345256526970880.000000  1504069784390598656.000000  2876852382866604032.000000  6512741622852091904.000000  7547062106705625088.000000  


+++++++++++++++++++++++++++++++++++++++++++++++++++++++++
